3.000000000000000000e+02 1.446684686225897964e+00 7.128782339996584394e-01 7.542472602930774261e-01 4.471431461814744102e-02
3.062500000000000000e+02 1.378926290895966300e+00 5.513495127636141024e-01 8.760450707317618546e-01 3.099994549372521793e-02
3.093750000000000000e+02 1.337885077886261875e+00 4.734532966273569121e-01 9.161686235316506277e-01 9.277283421055871476e-03
3.125000000000000000e+02 1.286165528779450229e+00 4.115504928912179783e-01 9.170594802825655645e-01 6.080731737708837403e-02
3.156250000000000000e+02 1.201783559333390095e+00 3.717770800463901515e-01 8.954193107279165842e-01 1.688647671019313512e-01
3.187500000000000000e+02 1.040523441447048336e+00 3.665510650445800711e-01 9.693916992053731585e-01 2.827004055818799766e-01
3.218750000000000000e+02 7.724350658490467536e-01 4.156483648790060270e-01 1.154889890805527619e+00 8.442737123196177029e-02
3.250000000000000000e+02 5.948435744201507891e-01 4.822526729770709175e-01 1.141121427338602112e+00 4.393202923495927864e-02
3.312500000000000000e+02 4.751266324459630375e-01 6.345428743757288714e-01 8.728970891513091468e-01 2.789255801298118342e-02
3.375000000000000000e+02 4.445286633539452525e-01 8.115578073297334827e-01 5.834128090981754999e-01 3.989127583677301581e-02
3.500000000000000000e+02 4.341054016695741202e-01 1.061066949519102298e+00 3.424019186218271171e-01 4.060386067342063032e-02
3.750000000000000000e+02 3.517757172499319518e-01 1.340406970942357612e+00 1.986077169617150862e-01 6.150664528811490561e-02
3.875000000000000000e+02 2.892959060005881877e-01 1.508744037612688826e+00 1.687443790937684929e-01 4.408023085546873554e-02
3.937500000000000000e+02 2.660577706019026656e-01 1.599298628357255447e+00 1.514914520845267176e-01 2.526879292143797539e-03
4.000000000000000000e+02 2.490626313618821142e-01 1.688376683690823610e+00 1.598926605326943251e-01 7.582369882876803524e-02
4.250000000000000000e+02 2.114681376481915565e-01 1.961906657637698670e+00 1.125878083861787810e-01 2.263464180758278758e-03
4.500000000000000000e+02 1.811637797063009314e-01 2.235467230813739548e+00 1.004353688871074957e-01 1.423605903681423798e-02
4.750000000000000000e+02 1.856356400695529096e-01 2.481978713974112072e+00 9.138068068993600301e-02 7.708914773341338754e-03
5.000000000000000000e+02 1.873812677335965349e-01 2.699138581105737789e+00 1.006121415367596250e-01 4.765235100766001403e-02
5.500000000000000000e+02 1.777505283121290636e-01 3.102234403381897820e+00 9.889521106590187793e-02 6.193568929365354629e-03
6.000000000000000000e+02 1.473736946997831754e-01 3.506428717243315063e+00 1.238146082834310907e-01 1.500957438109196476e-02
6.500000000000000000e+02 1.566171914173310753e-01 3.943067632425748315e+00 1.489082813543557149e-01 1.752902488614378404e-02
7.000000000000000000e+02 2.082843334355924669e-01 4.325008172990541411e+00 1.645128045294805552e-01 5.819755815844446234e-02
7.250000000000000000e+02 2.305983216560843763e-01 4.504358793759550394e+00 1.554531596770330482e-01 2.597058115840739523e-03
7.500000000000000000e+02 2.466255801074698772e-01 4.681835371641162702e+00 1.645968567699016838e-01 4.765173721595913903e-02
8.000000000000000000e+02 2.629555173327228212e-01 5.023928418488535996e+00 1.703860458781661646e-01 5.196913620230886321e-02
8.250000000000000000e+02 2.755722349394447157e-01 5.202649115721500905e+00 1.641138538982004902e-01 1.236782527366388316e-04
8.500000000000000000e+02 2.885153463043957367e-01 5.381196298682259460e+00 1.742037188980420093e-01 5.412596368211047143e-02
9.000000000000000000e+02 2.994289826672472121e-01 5.717636270582337588e+00 1.778822072785740671e-01 5.944497446344254588e-02
9.250000000000000000e+02 3.111587554042193338e-01 5.896070473930756783e+00 1.683245971411921615e-01 3.130695283786248586e-03
9.500000000000000000e+02 3.190290560164364408e-01 6.070647498474452952e+00 1.688102858534514250e-01 1.890595200504909727e-04
9.750000000000000000e+02 3.265601420362503893e-01 6.245805321918929565e+00 1.690080574652078615e-01 5.074105297683779298e-03
1.000000000000000000e+03 3.293380333768928248e-01 6.414148809739839585e+00 1.861573423744955769e-01 7.865940175564979653e-02
