3.000000000000000000e+02 1.246200843846889006e+00 8.568263244520720745e-01 1.022511882736829580e+00 6.130873894791635248e-01
3.250000000000000000e+02 5.780287370291814497e-01 6.200608885657429292e-01 1.166047689594328363e+00 4.912338560911171381e-01
3.500000000000000000e+02 4.150276004212745118e-01 1.196324616877911584e+00 5.153991029573061766e-01 1.743076985476164076e-01
3.750000000000000000e+02 3.262926016261642470e-01 1.526376498924623570e+00 4.027597130020683647e-01 7.688350411509003134e-03
4.000000000000000000e+02 2.413084309197135735e-01 1.871801231174196278e+00 3.684168785598602169e-01 8.586782785541545449e-02
4.500000000000000000e+02 1.801807279921505134e-01 2.432440050272556942e+00 2.871195417026851660e-01 3.722232268299811853e-02
5.000000000000000000e+02 1.877623961715546574e-01 2.912986937793041520e+00 2.222162425403778896e-01 1.721307527511022062e-02
5.500000000000000000e+02 1.791286674572393489e-01 3.340232818111012136e+00 1.734262394836736942e-01 8.653505901348265694e-03
6.000000000000000000e+02 1.497032944870324844e-01 3.767088957079022471e+00 1.320419153998878825e-01 2.243778386724996216e-02
6.500000000000000000e+02 1.594243764997870516e-01 4.228233381521846468e+00 9.701682604538366950e-02 1.859823270859914737e-02
7.000000000000000000e+02 2.149854356404697908e-01 4.634757865602102456e+00 8.234614976000592668e-02 1.909753248343585078e-02
7.500000000000000000e+02 2.524190908798052413e-01 5.006267523018834709e+00 7.314799690322670855e-02 7.870642135393653496e-03
8.000000000000000000e+02 2.757897854085203382e-01 5.377087332408947873e+00 6.995073837290750884e-02 1.589637841497817039e-03
8.500000000000000000e+02 2.969977227792008900e-01 5.746967984575513277e+00 7.081373072176563865e-02 3.208822569304266552e-03
9.000000000000000000e+02 3.152300535364859768e-01 6.113662030211781229e+00 7.463274175210028727e-02 1.222716479959631147e-02
9.500000000000000000e+02 3.217743914627479440e-01 6.471217733759874413e+00 1.199272646161362449e-01 9.109946146285119450e-02
9.750000000000000000e+02 3.381876803053721070e-01 6.666928077661141927e+00 8.423596959518403482e-02 2.726619425276567352e-02
1.000000000000000000e+03 3.356625542498454240e-01 6.840351019200406668e+00 1.408453455701738632e-01 1.141327032432581934e-01
