3.000000000000000000e+02 1.443602606401337418e+00 7.362340033193046640e-01 7.780726601358500805e-01 5.310295274734100346e-02
3.062500000000000000e+02 1.368696384254190157e+00 5.723817278836672573e-01 8.977147859583318734e-01 3.636244114230260949e-02
3.093750000000000000e+02 1.327493281693341576e+00 4.915624596143388092e-01 9.375940962865718653e-01 4.297784771048068081e-02
3.125000000000000000e+02 1.280908970028102667e+00 4.257510919980145303e-01 9.377004512407997039e-01 7.898742592402675788e-02
3.156250000000000000e+02 1.200227524388868261e+00 3.839659231412277385e-01 9.131589713034862221e-01 1.723310897830535593e-01
3.187500000000000000e+02 1.036607394288431960e+00 3.797483816056236861e-01 9.796182478759275503e-01 2.772216983295369697e-01
3.218750000000000000e+02 7.659658723277957826e-01 4.332081531278454967e-01 1.145459568254701077e+00 8.665322995264480854e-02
3.250000000000000000e+02 5.865936374783720098e-01 5.052702046881616393e-01 1.120103131761774229e+00 4.625676555008348401e-02
3.312500000000000000e+02 4.627017336569087536e-01 6.663007845384057992e-01 8.390939005892578129e-01 2.987614066063007043e-02
3.375000000000000000e+02 4.309795065716614526e-01 8.518481188794534420e-01 5.595332667711402364e-01 3.926013102558270629e-02
3.500000000000000000e+02 4.240538677395344624e-01 1.106941234511678251e+00 3.551666530429340440e-01 4.065791956566910947e-02
3.750000000000000000e+02 3.455930561783189803e-01 1.389468114606789095e+00 2.018783409738472145e-01 6.269369528183631191e-02
3.875000000000000000e+02 2.852529861942255662e-01 1.558315187283786596e+00 1.537793971581970509e-01 4.497735827950365833e-02
3.937500000000000000e+02 2.637861531903951673e-01 1.647069807616053705e+00 1.358859271243777755e-01 2.149740554505472426e-02
3.968750000000000000e+02 2.555324834204869555e-01 1.690850705604569626e+00 1.292353413385116945e-01 3.439143611860921712e-04
4.000000000000000000e+02 2.480406770019175366e-01 1.734956409520937326e+00 1.314494790193528606e-01 4.069097832915270774e-02
4.125000000000000000e+02 2.311379761922972009e-01 1.878054127975872234e+00 1.114520742247466084e-01 1.600076918961599931e-03
4.250000000000000000e+02 2.091761593590496238e-01 2.017010970544104165e+00 1.091110579320339335e-01 4.531808599745733301e-02
4.500000000000000000e+02 1.808845190972382388e-01 2.289247832285974837e+00 7.371298324104252897e-02 1.320178505928807505e-02
4.750000000000000000e+02 1.859596232453115672e-01 2.538304567951238599e+00 5.116990815270504311e-02 7.740722591353650303e-03
5.000000000000000000e+02 1.880462796047070173e-01 2.758162933683916851e+00 5.954061578658906284e-02 4.882190028569884099e-02
5.500000000000000000e+02 1.787085727057403095e-01 3.166577968355234862e+00 2.488697172811465616e-02 6.404969923213800487e-03
6.000000000000000000e+02 1.481707577667530362e-01 3.576630880106331567e+00 5.771427656851088606e-02 1.536350095055261100e-02
6.500000000000000000e+02 1.576220778174410586e-01 4.019859691169231475e+00 9.202963155931005723e-02 1.714593870040847720e-02
7.000000000000000000e+02 2.102564995336573261e-01 4.407671232962281138e+00 1.204707962676752342e-01 5.987123977364339905e-02
7.250000000000000000e+02 2.330662263073041418e-01 4.589953463607597151e+00 1.093064967596428932e-01 2.675167530074100929e-03
7.500000000000000000e+02 2.494751301638107599e-01 4.770349500050989455e+00 1.242537380143110964e-01 4.899713591185428374e-02
8.000000000000000000e+02 2.660685357677711749e-01 5.117724379326883621e+00 1.347972272962712770e-01 5.340719698506132124e-02
8.250000000000000000e+02 2.790217190386998225e-01 5.299455570560662743e+00 1.277569297305703455e-01 1.316911674116160607e-04
8.500000000000000000e+02 2.923136115705564086e-01 5.481038222679229577e+00 1.425071300719342737e-01 5.561495663243863630e-02
9.000000000000000000e+02 3.033224842573168378e-01 5.822705153037416537e+00 1.498708537650580985e-01 6.106444324526549838e-02
9.250000000000000000e+02 3.153676569600123436e-01 6.004205962080911618e+00 1.391456147548471023e-01 3.462515379344721644e-03
9.500000000000000000e+02 3.232127540106609076e-01 6.181496253635978988e+00 1.411440661275502051e-01 2.072873904755362894e-03
9.750000000000000000e+02 3.286821160430229427e-01 6.356357678869580141e+00 1.471723692505549352e-01 3.601538733576694490e-02
9.875000000000000000e+02 3.357195272372406891e-01 6.449409938139527121e+00 1.433867059653786136e-01 5.692962044102822285e-03
1.000000000000000000e+03 3.375761064067542838e-01 6.535225148739699286e+00 1.494775844658056130e-01 4.094940759345717940e-02
