3.000000000000000000e+02 1.470689564928880921e+00 7.737194504919691074e-01 8.244447552294947856e-01 5.382254684219468788e-02
3.062500000000000000e+02 1.389834493826244133e+00 6.039610331566666046e-01 9.396422927975436323e-01 2.769419916279535973e-02
3.093750000000000000e+02 1.342451249364060573e+00 5.205626804207070801e-01 9.772253107337062206e-01 2.896875389412679330e-02
3.125000000000000000e+02 1.285996795774420276e+00 4.539007301286013263e-01 9.755695082102016080e-01 8.009813544497788873e-02
3.156250000000000000e+02 1.193619287637261328e+00 4.129008873163335647e-01 9.494780017194723865e-01 1.862058681265376103e-01
3.187500000000000000e+02 1.019717364396258485e+00 4.126781930904153128e-01 1.003411025798661260e+00 2.722327628845813696e-01
3.218750000000000000e+02 7.506256180373458431e-01 4.740522880740959399e-01 1.127297848668876945e+00 7.804911999923276611e-02
3.250000000000000000e+02 5.681399763551747695e-01 5.582666887747804729e-01 1.086178262013934415e+00 5.412770227447043919e-02
3.312500000000000000e+02 4.346845055171478789e-01 7.394953096123415559e-01 8.144112961719132127e-01 3.605071191395840813e-02
3.375000000000000000e+02 4.034367314078319278e-01 9.432756391674795848e-01 6.060491252724208300e-01 3.566902903041370421e-02
3.500000000000000000e+02 4.064848319570615875e-01 1.207566953854509517e+00 4.932983211101982235e-01 4.197785708657562204e-02
3.750000000000000000e+02 3.363565825842841917e-01 1.495017202997255712e+00 3.908567988817736039e-01 6.488690166287443273e-02
3.875000000000000000e+02 2.793993878902513717e-01 1.665489639341654504e+00 3.531972676717097803e-01 4.475159113313430942e-02
3.937500000000000000e+02 2.585174845524448317e-01 1.756821976029014243e+00 3.376934612670195457e-01 2.273756960652391444e-03
4.000000000000000000e+02 2.433065498396771997e-01 1.847094148223621835e+00 3.363065804940078563e-01 7.896791147080291229e-02
4.250000000000000000e+02 2.096447140412485699e-01 2.125629559943994273e+00 2.895194737085213799e-01 2.533735766944422967e-03
4.500000000000000000e+02 1.801027353095976391e-01 2.411649138881721832e+00 2.553356786109581833e-01 5.652447684182883986e-02
5.000000000000000000e+02 1.887866482503346710e-01 2.891102850339018815e+00 2.089631822369514835e-01 9.878319687355806289e-02
6.000000000000000000e+02 1.516669079038123757e-01 3.731598017076163565e+00 9.132830548575243679e-02 3.360708051775823657e-02
7.000000000000000000e+02 2.163457167610265963e-01 4.592288098613235725e+00 5.601921147101158321e-02 3.601739782014787977e-02
8.000000000000000000e+02 2.745277340385562370e-01 5.328889180972830708e+00 6.161738866341708032e-02 1.571376452212677396e-02
9.000000000000000000e+02 3.058731099852975976e-01 6.047750557943829541e+00 1.643187343440923320e-01 1.424565290399072981e-01
9.500000000000000000e+02 3.262184151720398662e-01 6.418856977131173203e+00 1.212979054454141753e-01 8.137265722248995803e-02
9.750000000000000000e+02 3.405271886001239312e-01 6.611335267605302768e+00 9.441004038585963654e-02 1.253510758015573615e-02
1.000000000000000000e+03 3.435763785136923265e-01 6.788321157409524353e+00 1.311427579594415527e-01 8.818589357149110575e-02
