3.000000000000000000e+02 1.027142606677578618e+00 1.814917051893897293e+00 2.236016678797637436e+00 1.608161409867816971e+00
3.062500000000000000e+02 9.815599172553817198e-01 1.889127621365513932e+00 3.604737262656057428e+00 2.920927218107086443e+00
3.125000000000000000e+02 9.359772278331848216e-01 1.963338190837130570e+00 5.247639185459870070e+00 4.358299660326609981e+00
3.187500000000000000e+02 8.903945384109880345e-01 2.037548760308747209e+00 6.222403970684017516e+00 5.307711067616432743e+00
3.250000000000000000e+02 8.448118489887911364e-01 2.111759329780363625e+00 6.548272035234592892e+00 5.782064733738119244e+00
3.312500000000000000e+02 7.992291595665942383e-01 2.185969899251980486e+00 5.958134145664280013e+00 5.395205267441767205e+00
3.375000000000000000e+02 7.536464701443974512e-01 2.260180468723596903e+00 4.931171993207981608e+00 4.379537094182174073e+00
3.437500000000000000e+02 7.080637807222005531e-01 2.334391038195213319e+00 4.071959205611948462e+00 3.430800289047327034e+00
3.500000000000000000e+02 6.624810913000036550e-01 2.408601607666830180e+00 3.500840123015143579e+00 2.765054431136475976e+00
3.562500000000000000e+02 6.168984018778067568e-01 2.482812177138446597e+00 3.142682343230938979e+00 2.332363493574685087e+00
3.625000000000000000e+02 5.713157124556098587e-01 2.557022746610063457e+00 2.910182088541117373e+00 2.043525804003827773e+00
3.687500000000000000e+02 5.257330230334130716e-01 2.631233316081679874e+00 2.746032876357497265e+00 1.835789216120083722e+00
3.750000000000000000e+02 4.801503336112161735e-01 2.705443885553296290e+00 2.598617819748064051e+00 1.644729576741037480e+00
3.812500000000000000e+02 4.345676441890192754e-01 2.779654455024913151e+00 2.431521287900655359e+00 1.414607953041653987e+00
3.875000000000000000e+02 3.889849547668223773e-01 2.853865024496529568e+00 2.240414454105448705e+00 1.120124180688182314e+00
3.937500000000000000e+02 3.434022653446255902e-01 2.928075593968146428e+00 2.048300676875846715e+00 7.636392513236328616e-01
4.000000000000000000e+02 2.978195759224286920e-01 3.002286163439762845e+00 1.900882076137101695e+00 3.950580370312482548e-01
4.062500000000000000e+02 2.924930790092013511e-01 3.087548083738966387e+00 1.858693953471560079e+00 3.950453018211013689e-01
4.125000000000000000e+02 2.871665820959739546e-01 3.172810004038169485e+00 1.823632918262144020e+00 4.109134069444954629e-01
4.187500000000000000e+02 2.818400851827465026e-01 3.258071924337373027e+00 1.796888180186003270e+00 4.440155727168135225e-01
4.250000000000000000e+02 2.765135882695191061e-01 3.343333844636576124e+00 1.779457987732378843e+00 4.984664611443485049e-01
4.312500000000000000e+02 2.711870913562917096e-01 3.428595764935779666e+00 1.768871384714418404e+00 5.653230671009737973e-01
4.375000000000000000e+02 2.658605944430643131e-01 3.513857685234983208e+00 1.762359946109351316e+00 6.352695789469843257e-01
4.437500000000000000e+02 2.605340975298368611e-01 3.599119605534186306e+00 1.756830189270773834e+00 6.997486246374691188e-01
4.500000000000000000e+02 2.552076006166094646e-01 3.684381525833389848e+00 1.747135956561647552e+00 7.465735309339046610e-01
4.562500000000000000e+02 2.498811037033820681e-01 3.769643446132593390e+00 1.726324072529876741e+00 7.607823784811852397e-01
4.625000000000000000e+02 2.445546067901546716e-01 3.854905366431796487e+00 1.692390672443485844e+00 7.396934905489026546e-01
4.687500000000000000e+02 2.392281098769272474e-01 3.940167286731000029e+00 1.645646926482046579e+00 6.840251376771179226e-01
4.750000000000000000e+02 2.339016129636998231e-01 4.025429207030203571e+00 1.589055267066177501e+00 5.968455281972313564e-01
4.812500000000000000e+02 2.285751160504724266e-01 4.110691127329406669e+00 1.528229963655572288e+00 4.843215728477870408e-01
4.875000000000000000e+02 2.232486191372450302e-01 4.195953047628609767e+00 1.470389178245451234e+00 3.558212602321494389e-01
4.937500000000000000e+02 2.179221222240176337e-01 4.281214967927813753e+00 1.421440966596420941e+00 2.196623492611591566e-01
5.000000000000000000e+02 2.125956253107902094e-01 4.366476888227016850e+00 1.384827683229101991e+00 7.917879249109632811e-02
5.062500000000000000e+02 2.101552644702022743e-01 4.439915419989567624e+00 1.363582370984010250e+00 7.612416552485613830e-02
5.125000000000000000e+02 2.077149036296143392e-01 4.513353951752117510e+00 1.343107601286250619e+00 7.477002850143416035e-02
5.187500000000000000e+02 2.052745427890263763e-01 4.586792483514668284e+00 1.323213752950445299e+00 7.403952692295638627e-02
5.250000000000000000e+02 2.028341819484384412e-01 4.660231015277218170e+00 1.303820938488683412e+00 7.322101733972438686e-02
5.312500000000000000e+02 2.003938211078505061e-01 4.733669547039768943e+00 1.284851615312093243e+00 7.166970771144484664e-02
5.375000000000000000e+02 1.979534602672625709e-01 4.807108078802318829e+00 1.266448005509412056e+00 7.129979296257514532e-02
5.437500000000000000e+02 1.955130994266746358e-01 4.880546610564869603e+00 1.248893521970248166e+00 7.636947091988825764e-02
5.500000000000000000e+02 1.930727385860867007e-01 4.953985142327420377e+00 1.232409642758799384e+00 8.898402613832782915e-02
5.562500000000000000e+02 1.906323777454987378e-01 5.027423674089970262e+00 1.217080270717475932e+00 1.071318270057959182e-01
5.625000000000000000e+02 1.881920169049108027e-01 5.100862205852521036e+00 1.202659038766265009e+00 1.266917901106197342e-01
5.687500000000000000e+02 1.857516560643228676e-01 5.174300737615070922e+00 1.188621077226121869e+00 1.428451320072203490e-01
5.750000000000000000e+02 1.833112952237349325e-01 5.247739269377621696e+00 1.174051666272902361e+00 1.502893384759251827e-01
5.812500000000000000e+02 1.808709343831469973e-01 5.321177801140171582e+00 1.157882328372076053e+00 1.429093571330009305e-01
5.875000000000000000e+02 1.784305735425590345e-01 5.394616332902722355e+00 1.140144337748417724e+00 1.204045129261483993e-01
5.937500000000000000e+02 1.759902127019710993e-01 5.468054864665273129e+00 1.122129247458963475e+00 9.045869516463937721e-02
6.000000000000000000e+02 1.735498518613831642e-01 5.541493396427823015e+00 1.105905526278662121e+00 7.889037735514446703e-02
6.062500000000000000e+02 1.785508115998125089e-01 5.616217147018429223e+00 1.100133889926869113e+00 1.665926968249874796e-01
6.125000000000000000e+02 1.835517713382418536e-01 5.690940897609035432e+00 1.104462907982044495e+00 2.684623934823847646e-01
6.187500000000000000e+02 1.885527310766711984e-01 5.765664648199641640e+00 1.117650598321815680e+00 3.696910375473954069e-01
6.250000000000000000e+02 1.935536908151005431e-01 5.840388398790247848e+00 1.136696480490563044e+00 4.637571341226275345e-01
6.312500000000000000e+02 1.985546505535299155e-01 5.915112149380854945e+00 1.156819611015592830e+00 5.442060215721706840e-01
6.375000000000000000e+02 2.035556102919592603e-01 5.989835899971461153e+00 1.172166134582688146e+00 6.044446194859698362e-01
6.437500000000000000e+02 2.085565700303886050e-01 6.064559650562067361e+00 1.177505887018581721e+00 6.396746728896161027e-01
6.500000000000000000e+02 2.135575297688179497e-01 6.139283401152673569e+00 1.170436572509658824e+00 6.492558517040819543e-01
6.562500000000000000e+02 2.185584895072472944e-01 6.214007151743279778e+00 1.150773646131674655e+00 6.346324603758485283e-01
6.625000000000000000e+02 2.235594492456766391e-01 6.288730902333885986e+00 1.119792682146343088e+00 5.981255928924191778e-01
6.687500000000000000e+02 2.285604089841060116e-01 6.363454652924492194e+00 1.079670298393725636e+00 5.420557313248102194e-01
6.750000000000000000e+02 2.335613687225353563e-01 6.438178403515099291e+00 1.033617633304504624e+00 4.691546220313374538e-01
6.812500000000000000e+02 2.385623284609647010e-01 6.512902154105705499e+00 9.855797670803275734e-01 3.823190901473542125e-01
6.875000000000000000e+02 2.435632881993940457e-01 6.587625904696311707e+00 9.400583135990393524e-01 2.846449096155833636e-01
6.937500000000000000e+02 2.485642479378233904e-01 6.662349655286917915e+00 9.017969311335350957e-01 1.802078292315394403e-01
7.000000000000000000e+02 2.535652076762527352e-01 6.737073405877524124e+00 8.753622825497653359e-01 8.144942327381508862e-02
7.062500000000000000e+02 2.587262621424169518e-01 6.801970331076852894e+00 8.644190185620628242e-01 8.808463046235368021e-02
7.125000000000000000e+02 2.638873166085811683e-01 6.866867256276181664e+00 8.537933283109684357e-01 9.419951546292888722e-02
7.187500000000000000e+02 2.690483710747453294e-01 6.931764181475511322e+00 8.434146110911977523e-01 9.977661027411961758e-02
7.250000000000000000e+02 2.742094255409095460e-01 6.996661106674840092e+00 8.331743043331707455e-01 1.042559100561098878e-01
7.312500000000000000e+02 2.793704800070737626e-01 7.061558031874168861e+00 8.230071104203543486e-01 1.072247295453730154e-01
7.375000000000000000e+02 2.845315344732379792e-01 7.126454957073497631e+00 8.128154938040316191e-01 1.085425935282795379e-01
7.437500000000000000e+02 2.896925889394021958e-01 7.191351882272826401e+00 8.025765582473433080e-01 1.080985125811708136e-01
7.500000000000000000e+02 2.948536434055664124e-01 7.256248807472156059e+00 7.922667071139157802e-01 1.059335267026487726e-01
7.562500000000000000e+02 3.000146978717305735e-01 7.321145732671484829e+00 7.819049982044971037e-01 1.021922403798533885e-01
7.625000000000000000e+02 3.051757523378947901e-01 7.386042657870813599e+00 7.715225600846160603e-01 9.709022279358611729e-02
7.687500000000000000e+02 3.103368068040590066e-01 7.450939583070142369e+00 7.611377605210972730e-01 9.088524749146237314e-02
7.750000000000000000e+02 3.154978612702232232e-01 7.515836508269471139e+00 7.508659658514110768e-01 8.388675406732523654e-02
7.812500000000000000e+02 3.206589157363873843e-01 7.580733433468800797e+00 7.407425576299995207e-01 7.651726323587793033e-02
7.875000000000000000e+02 3.258199702025516009e-01 7.645630358668129567e+00 7.307851040280791688e-01 6.918177171792605495e-02
7.937500000000000000e+02 3.309810246687158175e-01 7.710527283867458337e+00 7.210715490198270627e-01 6.238831997417513403e-02
8.000000000000000000e+02 3.361420791348800341e-01 7.775424209066787107e+00 7.116147598821633835e-01 5.664052085730673231e-02
8.062500000000000000e+02 3.382120447972719046e-01 7.838723872405715554e+00 7.037052573984953208e-01 6.711228897024767992e-02
8.125000000000000000e+02 3.402820104596638306e-01 7.902023535744644001e+00 6.960950719802136977e-01 7.751473020264969260e-02
8.187500000000000000e+02 3.423519761220557012e-01 7.965323199083571559e+00 6.887613502981462243e-01 8.762979139249005289e-02
8.250000000000000000e+02 3.444219417844475717e-01 8.028622862422500006e+00 6.816878526726609655e-01 9.735443338702459704e-02
8.312500000000000000e+02 3.464919074468394977e-01 8.091922525761429341e+00 6.748172706141920552e-01 1.066085729554894224e-01
8.375000000000000000e+02 3.485618731092313682e-01 8.155222189100356900e+00 6.681677075142886668e-01 1.153745846953430354e-01
8.437500000000000000e+02 3.506318387716232388e-01 8.218521852439284459e+00 6.616988892421528101e-01 1.236710040904509394e-01
8.500000000000000000e+02 3.527018044340151093e-01 8.281821515778213794e+00 6.553713073074307616e-01 1.315117612388266854e-01
8.562500000000000000e+02 3.547717700964070353e-01 8.345121179117141352e+00 6.492203629757754557e-01 1.388474705701915335e-01
8.625000000000000000e+02 3.568417357587989058e-01 8.408420842456070687e+00 6.431956516792075584e-01 1.457825238293129766e-01
8.687500000000000000e+02 3.589117014211907764e-01 8.471720505794998246e+00 6.372806190869838572e-01 1.523002767459237516e-01
8.750000000000000000e+02 3.609816670835827024e-01 8.535020169133925805e+00 6.314839635388908023e-01 1.584525516233623865e-01
8.812500000000000000e+02 3.630516327459745729e-01 8.598319832472855140e+00 6.257874351428673876e-01 1.642085652036081589e-01
8.875000000000000000e+02 3.651215984083664434e-01 8.661619495811782699e+00 6.201839835205278373e-01 1.696474935287632935e-01
8.937500000000000000e+02 3.671915640707583695e-01 8.724919159150712034e+00 6.146862412244930018e-01 1.747957644038947989e-01
9.000000000000000000e+02 3.692615297331502400e-01 8.788218822489639592e+00 6.092654927428048373e-01 1.796739718801564634e-01
9.062500000000000000e+02 3.650681322421250319e-01 8.844538281824281256e+00 6.159386640749243691e-01 2.195365476130361482e-01
9.125000000000000000e+02 3.608747347510997683e-01 8.900857741158922920e+00 6.253768781340911520e-01 2.593947633512341810e-01
9.187500000000000000e+02 3.566813372600745602e-01 8.957177200493566360e+00 6.373474727331696066e-01 2.989558657101251127e-01
9.250000000000000000e+02 3.524879397690493521e-01 9.013496659828208024e+00 6.516737932810611200e-01 3.382121887494019541e-01
9.312500000000000000e+02 3.482945422780240885e-01 9.069816119162849688e+00 6.681479802347628505e-01 3.772321015452048676e-01
9.375000000000000000e+02 3.441011447869988804e-01 9.126135578497491352e+00 6.866768964004227316e-01 4.160975200766313109e-01
9.437500000000000000e+02 3.399077472959736168e-01 9.182455037832133016e+00 7.070586949161594692e-01 4.547648888580002602e-01
9.500000000000000000e+02 3.357143498049484087e-01 9.238774497166776456e+00 7.291418966692152503e-01 4.932633571516424897e-01
9.562500000000000000e+02 3.315209523139232006e-01 9.295093956501418120e+00 7.527091207074532164e-01 5.315052880539689051e-01
9.625000000000000000e+02 3.273275548228979370e-01 9.351413415836059784e+00 7.775200208918380262e-01 5.694067331605202620e-01
9.687500000000000000e+02 3.231341573318727289e-01 9.407732875170701448e+00 8.033802669467873248e-01 6.068952258923056009e-01
9.750000000000000000e+02 3.189407598408474653e-01 9.464052334505343111e+00 8.300879856290762637e-01 6.438786269987738509e-01
9.812500000000000000e+02 3.147473623498222572e-01 9.520371793839984775e+00 8.574362832915682908e-01 6.802868549083135319e-01
9.875000000000000000e+02 3.105539648587970492e-01 9.576691253174628216e+00 8.851915439059117041e-01 7.159896298228686229e-01
9.937500000000000000e+02 3.063605673677717856e-01 9.633010712509269879e+00 9.131977643837045910e-01 7.509140397347892071e-01
1.000000000000000000e+03 3.021671698767465775e-01 9.689330171843911543e+00 9.412936883650194764e-01 7.850039204141919802e-01
