3.000000000000000000e+02 1.648000380761759809e+00 1.286548799511854746e+00 1.064877223687950458e+00 2.097954561532321960e-01
3.062500000000000000e+02 1.440704849942308297e+00 1.081088663938301497e+00 1.181894644324399613e+00 2.064277010773239718e-01
3.125000000000000000e+02 1.156227956717950978e+00 9.240166157182543305e-01 1.301175072014965739e+00 3.191236859894310829e-01
3.187500000000000000e+02 8.037117516601466338e-01 9.125072957398000506e-01 1.420827780209829028e+00 2.634582055339768636e-01
3.250000000000000000e+02 4.602109959498193459e-01 1.101472726733396579e+00 2.377557611916650604e+00 5.269692864813928512e-01
3.312500000000000000e+02 3.311097465339037371e-01 1.558320220634516140e+00 2.936338460387806215e+00 2.104699640895942858e-01
3.375000000000000000e+02 3.155252186180220741e-01 1.921692989938277973e+00 2.636107188879099006e+00 3.060075766917028789e-02
3.500000000000000000e+02 3.412495879870821036e-01 2.280866971622511397e+00 2.260662116958296775e+00 3.198484926466635403e-01
4.000000000000000000e+02 2.444917093054092827e-01 3.035046554627647275e+00 1.882473925831038786e+00 2.826231008489037966e-01
5.000000000000000000e+02 2.093084852798522688e-01 4.367681083349718385e+00 1.383913711506818078e+00 6.101531444336975168e-02
6.000000000000000000e+02 1.727103852915660431e-01 5.541272079730791944e+00 1.105490560925585175e+00 7.277791529599544895e-02
7.000000000000000000e+02 2.535578990245068720e-01 6.737385491108959457e+00 8.751125538667794412e-01 7.872829316125465327e-02
8.000000000000000000e+02 3.334034602938611425e-01 7.773090398985419647e+00 7.130645385577999429e-01 7.248860052107675145e-02
9.000000000000000000e+02 3.534504631957751108e-01 8.760622084550677258e+00 6.665177664656191103e-01 3.217894096649571711e-01
9.500000000000000000e+02 3.918483643638179803e-01 9.295844365072600368e+00 5.684505223495125437e-01 2.108802054915926427e-01
9.750000000000000000e+02 4.255290953141037114e-01 9.583629817542211882e+00 5.094471990545185180e-01 8.820558483513722681e-02
1.000000000000000000e+03 4.169049075761277479e-01 9.818431568477336668e+00 5.234187619409828018e-01 2.125491398194106485e-01
