3.000000000000000000e+02 1.474447038195370707e+00 7.838259928742196125e-01 8.344541383432216852e-01 5.549783725936967282e-02
3.062500000000000000e+02 1.391682099036452236e+00 6.125693892755348369e-01 9.485906703937125872e-01 2.765993106453171202e-02
3.093750000000000000e+02 1.343896754141830296e+00 5.281267967545856257e-01 9.857815842955860441e-01 3.104934401951912198e-02
3.125000000000000000e+02 1.287489739622060370e+00 4.604936358578677336e-01 9.835314116643857352e-01 7.977756700872397355e-02
3.156250000000000000e+02 1.194488107020623247e+00 4.191417650568084463e-01 9.562416578653368804e-01 1.844198818541660234e-01
3.187500000000000000e+02 1.018588036442767075e+00 4.197922154385619886e-01 1.007104850904121163e+00 2.672856613440640072e-01
3.218750000000000000e+02 7.478569387434891302e-01 4.835901561683380034e-01 1.123987753853656235e+00 7.839424987119528176e-02
3.250000000000000000e+02 5.638829947793730923e-01 5.707706736115969459e-01 1.080992077089691250e+00 5.448567040600190564e-02
3.312500000000000000e+02 4.284295041132884507e-01 7.565259146248198840e-01 8.208445928282811499e-01 3.862849025584234181e-02
3.375000000000000000e+02 3.983068722434983666e-01 9.637260877205366949e-01 6.355131999301990575e-01 2.897665234489382388e-02
3.500000000000000000e+02 4.092866035188290064e-01 1.219252683111408331e+00 5.372922998988595156e-01 5.006699922877012876e-02
3.625000000000000000e+02 3.851786378040075731e-01 1.381458063742057263e+00 4.824853908704916372e-01 1.154670789368423232e-02
3.750000000000000000e+02 3.335751394083789068e-01 1.523207764308482037e+00 4.389134579589613616e-01 3.396654974950565065e-02
3.812500000000000000e+02 3.016062951227784228e-01 1.608638196982345336e+00 4.192363095079447710e-01 2.378528704135058833e-03
3.875000000000000000e+02 2.761229111478366027e-01 1.694696860623023271e+00 4.037504857448567797e-01 3.196762622384364226e-03
3.937500000000000000e+02 2.586560012425788146e-01 1.779736361836201652e+00 3.907347946939804806e-01 1.944398234340655174e-02
3.968750000000000000e+02 2.512418479147762729e-01 1.823734305307214365e+00 3.840647348590777721e-01 2.691291408852663483e-04
4.000000000000000000e+02 2.443623363051802000e-01 1.868412883150308623e+00 3.804528869873587960e-01 4.157385125593414388e-02
4.125000000000000000e+02 2.293153900523118571e-01 2.013451256443853588e+00 3.565918028965269215e-01 1.898387305990378079e-03
4.250000000000000000e+02 2.083093621252643524e-01 2.155367726097988434e+00 3.397498341920778819e-01 4.726609031123915616e-02
4.500000000000000000e+02 1.812863822205348641e-01 2.434350614892222708e+00 2.927587844074548418e-01 1.339896501480455568e-02
4.750000000000000000e+02 1.876220443064182120e-01 2.690940526317628034e+00 2.530085822482606162e-01 7.954833955666066811e-03
5.000000000000000000e+02 1.904995547180344528e-01 2.918385896508378430e+00 2.272678478418719283e-01 5.147071904306454310e-02
5.500000000000000000e+02 1.822085288534721903e-01 3.338324754747672429e+00 1.739228404196556388e-01 5.316459201739165419e-02
5.750000000000000000e+02 1.689494329598702771e-01 3.548575570576844029e+00 1.406152065594537814e-01 3.326149071871405561e-03
6.000000000000000000e+02 1.508498495586687027e-01 3.770944264611932439e+00 1.296715852787898027e-01 6.070983084089727477e-02
6.500000000000000000e+02 1.610142197943174314e-01 4.229463446819508476e+00 7.351772814668020017e-02 1.800566319679364549e-02
7.000000000000000000e+02 2.177950123728802367e-01 4.636734901499582229e+00 5.535599362982715488e-02 1.457423503808227654e-02
7.500000000000000000e+02 2.545655105260423712e-01 5.007797494097967039e+00 4.968636705064420622e-02 7.691981697172355081e-03
8.000000000000000000e+02 2.745539343444887148e-01 5.373698948796026720e+00 8.027978372106817084e-02 5.962134482837593702e-02
8.250000000000000000e+02 2.883711306211787506e-01 5.563673838163685659e+00 5.788715785865702901e-02 2.775652106061191060e-03
8.500000000000000000e+02 2.991877928753158833e-01 5.748467381638130647e+00 6.238107520917975102e-02 6.570323939592663531e-04
8.750000000000000000e+02 3.091599093888094951e-01 5.932316391792992860e+00 6.708201835070211339e-02 2.348329357581441582e-03
9.000000000000000000e+02 3.163516040276992403e-01 6.112838247759676769e+00 7.942572335739001010e-02 3.421356706065738912e-02
9.125000000000000000e+02 3.233471555133828890e-01 6.208083749485782121e+00 7.392295809880081170e-02 1.828708335114068563e-04
9.250000000000000000e+02 3.303464720030797053e-01 6.303774114462894040e+00 8.410255226966510678e-02 3.575547242195145636e-02
9.500000000000000000e+02 3.357437860401369378e-01 6.485215632158512378e+00 8.046159272089320469e-02 2.964354556691533465e-04
9.750000000000000000e+02 3.410862082424851449e-01 6.667367769874047667e+00 9.285210271651876679e-02 3.862527184835152366e-02
9.875000000000000000e+02 3.486045206745743141e-01 6.764795372833920517e+00 8.645974921089434606e-02 6.607125456486249125e-03
1.000000000000000000e+03 3.503723585310053457e-01 6.854131402966990194e+00 9.853913848792161811e-02 4.449246600112666261e-02
