3.000000000000000000e+02 1.437586177890641137e+00 7.210790852941713069e-01 7.592698305626414124e-01 5.008215292721996531e-02
3.062500000000000000e+02 1.366759089321118115e+00 5.590992705307571420e-01 8.804367824106934526e-01 3.254861135107023351e-02
3.093750000000000000e+02 1.326821260073240083e+00 4.797947397805321090e-01 9.209977747368363055e-01 3.675250822859092020e-02
3.125000000000000000e+02 1.280120131371629721e+00 4.155707298042197184e-01 9.221202943065571755e-01 7.642670534081581757e-02
3.156250000000000000e+02 1.201363323346770207e+00 3.741430836914134694e-01 8.990446440805451855e-01 1.697619780241808318e-01
3.187500000000000000e+02 1.042445289911241746e+00 3.683733895667953839e-01 9.700037915113532971e-01 2.778438627778100356e-01
3.218750000000000000e+02 7.720168178297969197e-01 4.188061100100670675e-01 1.153244508204176233e+00 8.920999093240414290e-02
3.250000000000000000e+02 5.932671026060760688e-01 4.867258877829568342e-01 1.136760883458014515e+00 4.455842834354420412e-02
3.312500000000000000e+02 4.727154393423118606e-01 6.407172114986653400e-01 8.653877997506118636e-01 2.832582158436423858e-02
3.375000000000000000e+02 4.418456254337268518e-01 8.194182326868533206e-01 5.768030588634701639e-01 4.002815396695632438e-02
3.500000000000000000e+02 4.320191596702857573e-01 1.070087798643036159e+00 3.416441389815731422e-01 4.077572070421031647e-02
3.750000000000000000e+02 3.504618158912553572e-01 1.350067097168820895e+00 1.919463577440179147e-01 6.203528506673031129e-02
3.875000000000000000e+02 2.884167042217015142e-01 1.518534048515314483e+00 1.563638052629742203e-01 4.426464699726667673e-02
3.937500000000000000e+02 2.653693271556200051e-01 1.609126196102298234e+00 1.379307463135589218e-01 2.512333687018519605e-03
4.000000000000000000e+02 2.485151708338237397e-01 1.698278427288847814e+00 1.484809181719023985e-01 7.628123287119829843e-02
4.250000000000000000e+02 2.112046760595399919e-01 1.972141829508861299e+00 9.960939645113171814e-02 2.024215790215275809e-03
4.500000000000000000e+02 1.801290870856430970e-01 2.250315614746433379e+00 9.938843535189953449e-02 5.202517083272908960e-02
5.000000000000000000e+02 1.864846260437892922e-01 2.713284590856571477e+00 1.157521711800374581e-01 8.997593514636907652e-02
6.000000000000000000e+02 1.487354747721988668e-01 3.520016114542482644e+00 1.132389199043957462e-01 2.959582681811542479e-02
7.000000000000000000e+02 2.069538886009840428e-01 4.336863574038732239e+00 1.907836847785078227e-01 1.251988827424291295e-01
7.500000000000000000e+02 2.444759034985549695e-01 4.695385983054928936e+00 1.490077161907958636e-01 9.238023230775318714e-03
8.000000000000000000e+02 2.633938242921239903e-01 5.042186608814876791e+00 1.636376653185006302e-01 5.411843414495630389e-02
8.250000000000000000e+02 2.762368628572328677e-01 5.221632095859442657e+00 1.567153347070753544e-01 8.714463489523243431e-05
8.500000000000000000e+02 2.892682106169041090e-01 5.400798284040319253e+00 1.677416076022195945e-01 5.464487882780357658e-02
9.000000000000000000e+02 3.001742967854506561e-01 5.738221204410704601e+00 1.721984860864441969e-01 6.001289739722644873e-02
9.250000000000000000e+02 3.119820590926409287e-01 5.917279384669703823e+00 1.624018816123030950e-01 3.192039024700271590e-03
9.500000000000000000e+02 3.198929644946941764e-01 6.092426657417620461e+00 1.631958353994245048e-01 1.891021517295494634e-04
9.750000000000000000e+02 3.274469907149481496e-01 6.268144335400024580e+00 1.636942688628925946e-01 5.184177386858327373e-03
1.000000000000000000e+03 3.301824067799006834e-01 6.436955810214358031e+00 1.819564677876744918e-01 7.946379830821738433e-02
