3.000000000000000000e+02 1.384299822828771287e+00 5.737397918877076286e-01 5.020013304622139572e-01 3.162871935060965201e-02
3.062500000000000000e+02 1.336012292029250981e+00 4.373035703053129164e-01 6.296954042086733150e-01 1.653568528343419414e-02
3.093750000000000000e+02 1.308013200037249302e+00 3.727431649372017208e-01 6.794478397837916406e-01 1.335828405343937771e-02
3.125000000000000000e+02 1.274573381908214564e+00 3.201119915359429968e-01 6.935402149805736105e-01 4.549129219276134423e-02
3.156250000000000000e+02 1.216220882807312886e+00 2.839300335027415967e-01 6.941042921347327921e-01 1.236024553153598077e-01
3.187500000000000000e+02 1.093286428542983302e+00 2.697839171815633597e-01 8.321975276335993321e-01 2.395702696624811279e-01
3.218750000000000000e+02 8.556773072810240910e-01 2.875138627348755582e-01 1.244379471615367994e+00 5.089107352158069725e-02
3.250000000000000000e+02 6.602804563332470567e-01 3.218674105071966385e-01 1.388529333303896385e+00 6.796442814779916908e-02
3.375000000000000000e+02 5.437272782090447620e-01 5.281219429740577898e-01 1.152165803858759663e+00 2.843728111710417186e-02
3.500000000000000000e+02 5.307609520352336574e-01 7.196534019408775684e-01 9.651820574131445563e-01 2.084356758691655737e-02
3.750000000000000000e+02 4.573863010101025806e-01 9.299315965317711541e-01 1.231729550102782289e+00 2.825284696097305273e-02
3.875000000000000000e+02 3.868571067568344901e-01 1.077265622094221831e+00 1.470086386740952600e+00 3.024700728960254617e-02
3.937500000000000000e+02 3.496520912149954086e-01 1.168171059699544934e+00 1.515457509768738609e+00 1.547106621636504774e-03
4.000000000000000000e+02 3.169106246572201413e-01 1.260326302927756492e+00 1.514065692786225048e+00 8.109454639682800448e-02
4.250000000000000000e+02 2.435498298164710806e-01 1.533588315340212560e+00 1.386329285713045367e+00 5.532665909475221674e-03
4.500000000000000000e+02 1.962382903011135882e-01 1.798449848235298409e+00 1.251483174341440519e+00 4.275870051203416178e-02
5.000000000000000000e+02 1.887720536949213657e-01 2.224358077782730092e+00 1.028738080663755605e+00 7.047156878125090951e-02
6.000000000000000000e+02 1.454648210288890520e-01 2.945779629594039051e+00 8.380855598824282771e-01 2.545121271331524451e-02
7.000000000000000000e+02 1.959097803767232970e-01 3.669203886852817398e+00 6.893402538440419614e-01 2.653352613809791677e-02
8.000000000000000000e+02 2.412303530195031576e-01 4.282518095289836957e+00 5.815456078038518939e-01 9.690814234798717647e-03
9.000000000000000000e+02 2.668870124745925665e-01 4.881682884641663556e+00 5.116719425391205167e-01 9.773172135414331940e-02
9.500000000000000000e+02 2.845473001718041295e-01 5.191253793622285784e+00 4.689307057085596586e-01 9.595698845991389517e-03
1.000000000000000000e+03 2.902349038946028803e-01 5.486691424725860244e+00 4.540805548322086604e-01 1.206290607556994299e-01
