3.000000000000000000e+02 1.470280886237896212e+00 7.619474426961697633e-01 7.619102109622383212e-01 6.847841422630174257e-02
3.062500000000000000e+02 1.377959406610190118e+00 5.965666176858374081e-01 8.992362764781767215e-01 3.333182754069059089e-02
3.093750000000000000e+02 1.310619242666898998e+00 5.178813792638785607e-01 9.606695282829205151e-01 1.559158133281448103e-02
3.125000000000000000e+02 1.221628588131894011e+00 4.605900252884413959e-01 1.002698344332318747e+00 6.269642122071189538e-02
3.156250000000000000e+02 1.086416111832827713e+00 4.320357060560694462e-01 1.044210203912537382e+00 8.962680062028192951e-02
3.187500000000000000e+02 9.001219773972680693e-01 4.373813243789237970e-01 1.096087210960067670e+00 1.905500335295534642e-02
3.218750000000000000e+02 7.165386447436868922e-01 4.744613835857420248e-01 1.097877367849579677e+00 3.336354576323029980e-02
3.250000000000000000e+02 5.718726892477301593e-01 5.613255778084066394e-01 1.058284407011581996e+00 7.461129120178577878e-02
3.312500000000000000e+02 4.366131652100143090e-01 7.638456846538690392e-01 8.401036412223422678e-01 4.217859032808801700e-02
3.375000000000000000e+02 4.001604770133290190e-01 9.640196196267958317e-01 6.168792794581329231e-01 3.187035366125989810e-02
3.500000000000000000e+02 4.036717898273687877e-01 1.214312220873142056e+00 4.880007127131404943e-01 4.915979535842472659e-02
3.625000000000000000e+02 3.785564230947177089e-01 1.378982452542507620e+00 4.388293586395220491e-01 1.546550321900371124e-02
3.750000000000000000e+02 3.217467555675477264e-01 1.536959629414923034e+00 4.135375237647462843e-01 9.353231518375410003e-02
4.000000000000000000e+02 2.410549688721900230e-01 1.872051445269427461e+00 3.689804332149309030e-01 8.822084259417962981e-02
4.500000000000000000e+02 1.801220390293845897e-01 2.432481855263317172e+00 2.870118770927431173e-01 3.637804929748431754e-02
5.000000000000000000e+02 1.877767770058561547e-01 2.913008498807279967e+00 2.221901548148078331e-01 1.687301440903871477e-02
5.500000000000000000e+02 1.791438889569184068e-01 3.340235693677888307e+00 1.734185527480770483e-01 8.498240348404382388e-03
6.000000000000000000e+02 1.496645463828794598e-01 3.767067674172896119e+00 1.319705163689932070e-01 2.201277365522727458e-02
6.500000000000000000e+02 1.594005812221454266e-01 4.228243087650434440e+00 9.694674179353449106e-02 1.822848895329534299e-02
7.000000000000000000e+02 2.150204099349906361e-01 4.634785032178539765e+00 8.226532901551948662e-02 1.874667151215403046e-02
7.500000000000000000e+02 2.524402391687008973e-01 5.006277854510226888e+00 7.313054576450263300e-02 7.706979869908860310e-03
8.000000000000000000e+02 2.757957522488243551e-01 5.377090992044567308e+00 6.994976247192045971e-02 1.546109353427899298e-03
8.500000000000000000e+02 2.970031850880813784e-01 5.746972141356646802e+00 7.081197708212139119e-02 3.169906190749004378e-03
9.000000000000000000e+02 3.152056582162481302e-01 6.113644437866820880e+00 7.465820148215006336e-02 1.238128494544952184e-02
9.500000000000000000e+02 3.213109718445308904e-01 6.470888121767819356e+00 1.216678224872204533e-01 9.334718849594789147e-02
9.750000000000000000e+02 3.342397117801416684e-01 6.662084818811022657e+00 9.866369951139004890e-02 5.802276886481311235e-02
9.875000000000000000e+02 3.449777138988466829e-01 6.762238752946959863e+00 8.230396454816382712e-02 1.616614965925950581e-02
1.000000000000000000e+03 3.443760932879535996e-01 6.849483747156736690e+00 9.974411792630737128e-02 5.710342322076996519e-02
