3.000000000000000000e+02 1.466034211682168298e+00 7.337444753131120434e-01 7.859792794234112812e-01 5.632822043552539876e-02
3.062500000000000000e+02 1.391196465229022294e+00 5.699155249345219110e-01 9.047445519487138377e-01 3.620369495254148473e-02
3.093750000000000000e+02 1.345880563392159335e+00 4.906204588101979458e-01 9.433184602890551940e-01 3.553514870550178190e-03
3.125000000000000000e+02 1.291534118637955864e+00 4.271522368340305853e-01 9.423117749262701626e-01 5.512880355317755637e-02
3.156250000000000000e+02 1.203611024698188592e+00 3.871850133104375313e-01 9.174068220097404414e-01 1.651987813061379096e-01
3.187500000000000000e+02 1.035716920687977716e+00 3.842487174485472723e-01 9.827254865429384534e-01 2.745950264799431606e-01
3.218750000000000000e+02 7.636441883773903427e-01 4.393804470702067366e-01 1.142361468779517830e+00 8.636151430583262345e-02
3.250000000000000000e+02 5.837350867622131956e-01 5.133214572153199651e-01 1.113621971122027876e+00 4.714611457933816363e-02
3.312500000000000000e+02 4.583707949633522016e-01 6.774157613743472250e-01 8.303056426512300803e-01 3.069129981160817477e-02
3.375000000000000000e+02 4.264086661689016067e-01 8.659106459581165094e-01 5.574884977734122504e-01 3.888253961609001996e-02
3.500000000000000000e+02 4.208908530867738751e-01 1.122703917422186670e+00 3.685431085152583441e-01 4.073366421258969167e-02
3.750000000000000000e+02 3.437821549847097091e-01 1.406163343767008911e+00 2.217185407411459974e-01 6.302219974881020925e-02
3.875000000000000000e+02 2.840801070163065933e-01 1.575226108032026673e+00 1.740302075707398088e-01 4.499726657728582435e-02
3.937500000000000000e+02 2.628913713071930891e-01 1.664040425678673385e+00 1.572768705864469874e-01 2.151116293825573733e-02
3.968750000000000000e+02 2.547551151971391703e-01 1.707859895637786396e+00 1.511770866889531328e-01 3.757400384191712773e-04
4.000000000000000000e+02 2.473633956873995121e-01 1.752021337416571400e+00 1.527599666620026719e-01 4.077663338674418492e-02
4.125000000000000000e+02 2.307515093242855919e-01 1.895330511052532474e+00 1.342596399600802515e-01 1.552986961944721918e-03
4.250000000000000000e+02 2.089420554079938486e-01 2.034624427707772298e+00 1.299996175814295829e-01 4.559237280401190473e-02
4.500000000000000000e+02 1.808565547916037575e-01 2.307664879855614970e+00 9.361856982426257356e-02 1.321938025452897535e-02
4.750000000000000000e+02 1.861099677026351318e-01 2.557642614206341314e+00 6.850528966487345883e-02 7.765041264041516386e-03
5.000000000000000000e+02 1.883056360125101025e-01 2.778445814047439733e+00 6.884383427632601027e-02 4.927229627381359001e-02
5.500000000000000000e+02 1.790596879536710540e-01 3.188703667766701333e+00 1.237039277302561836e-02 6.484978375614829788e-03
6.000000000000000000e+02 1.484643747371298117e-01 3.600784536099379984e+00 3.750240227067794946e-02 1.552286599713686294e-02
6.500000000000000000e+02 1.580173158859795313e-01 4.046295498402445290e+00 7.427945350555482940e-02 1.732006945905492992e-02
7.000000000000000000e+02 2.109471523451666997e-01 4.436124764880188032e+00 1.075299237006955566e-01 6.049123357173828014e-02
7.250000000000000000e+02 2.339274865556109084e-01 4.619422588012773723e+00 9.465605874053439894e-02 2.705080720284961781e-03
7.500000000000000000e+02 2.504693017822106627e-01 4.800829957654310753e+00 1.119281623821962168e-01 4.950311953591998021e-02
8.000000000000000000e+02 2.671480088915970108e-01 5.150018955099763929e+00 1.238241042904663913e-01 5.394966317024411928e-02
8.250000000000000000e+02 2.802194254143945962e-01 5.332793152060702369e+00 1.161009821486134741e-01 1.349673583604185667e-04
8.500000000000000000e+02 2.936339993767793644e-01 5.515427721125433003e+00 1.326424431828680528e-01 5.617490620910338406e-02
9.000000000000000000e+02 3.046683956685896644e-01 5.858886784999768338e+00 1.411211453486527212e-01 6.167002001663281219e-02
9.250000000000000000e+02 3.168302161010261297e-01 6.041454128758644515e+00 1.297132284418430759e-01 3.533548101746226532e-03
9.500000000000000000e+02 3.247379335436585412e-01 6.219740665837188764e+00 1.321810202999187944e-01 2.123902678364912415e-03
9.750000000000000000e+02 3.302288361469671862e-01 6.395549658085635691e+00 1.390313384302767075e-01 3.638684267262597138e-02
9.875000000000000000e+02 3.373314408261415265e-01 6.489155946081370807e+00 1.351026630875546419e-01 5.811468754142311288e-03
1.000000000000000000e+03 3.391783369795304814e-01 6.575415936411964424e+00 1.418514677294012982e-01 4.139537674971929121e-02
