3.000000000000000000e+02 1.435760076492166526e+00 7.272662998725406558e-01 7.653391509263499648e-01 5.527376525010332248e-02
3.062500000000000000e+02 1.363702680899674169e+00 5.643424085128271317e-01 8.860018811041802111e-01 3.972818843396512534e-02
3.093750000000000000e+02 1.324607803747674728e+00 4.840331864534842543e-01 9.263757553290150604e-01 4.468695750495041419e-02
3.125000000000000000e+02 1.280073962642822583e+00 4.186457834802611577e-01 9.269676232874994870e-01 7.779736054050079286e-02
3.156250000000000000e+02 1.202171664640515170e+00 3.767827991968646928e-01 9.029078901658080802e-01 1.680572544121972101e-01
3.187500000000000000e+02 1.040520549337905942e+00 3.718405296053933218e-01 9.730636180659191226e-01 2.780271913047337451e-01
3.218750000000000000e+02 7.685979413689133510e-01 4.235390783267624082e-01 1.150362534986463903e+00 8.082994487446010234e-02
3.250000000000000000e+02 5.911532865083561905e-01 4.922656672759132546e-01 1.131497351643536931e+00 4.437799398468467160e-02
3.312500000000000000e+02 4.697149356118999752e-01 6.482993729229916680e-01 8.566629953847080259e-01 2.849461651162183556e-02
3.375000000000000000e+02 4.389127871437215056e-01 8.282449020127029549e-01 5.694950342481445160e-01 3.420340040287239008e-02
3.500000000000000000e+02 4.347112263385315423e-01 1.071179603043450834e+00 3.433225543343663699e-01 4.403271587599576903e-02
3.625000000000000000e+02 4.040275119794179970e-01 1.227767262537745152e+00 2.452434718778597200e-01 1.044193655954880028e-02
3.750000000000000000e+02 3.475354252556817070e-01 1.365736498828868051e+00 1.811139252459669780e-01 3.265349653764101912e-02
3.812500000000000000e+02 3.129624853602057666e-01 1.449813897680039432e+00 1.563664653705668650e-01 2.299374592166305003e-03
3.875000000000000000e+02 2.849584316116990923e-01 1.535079829834790743e+00 1.402749941424091817e-01 3.249550332104140550e-03
3.937500000000000000e+02 2.653171764330138349e-01 1.619429312291607692e+00 1.288989992741698121e-01 1.927028520378768969e-02
3.968750000000000000e+02 2.569822837540650662e-01 1.662934995425416895e+00 1.219711108817612966e-01 2.380084550645235819e-04
4.000000000000000000e+02 2.493177353179022449e-01 1.706942690061391765e+00 1.237955760125231813e-01 4.031611770193758298e-02
4.125000000000000000e+02 2.319225933975310738e-01 1.849682453972983698e+00 1.013527616625373717e-01 1.761549409739937783e-03
4.250000000000000000e+02 2.096625420105602544e-01 1.988137132188423362e+00 1.001768804460958645e-01 4.438250776072762832e-02
4.500000000000000000e+02 1.809820485706127025e-01 2.259136865510660730e+00 7.242341560500741016e-02 1.310900798376600507e-02
4.750000000000000000e+02 1.857560265173694158e-01 2.506711059391874663e+00 5.962777197392483269e-02 7.660379299668495894e-03
5.000000000000000000e+02 1.876602429340515632e-01 2.725020986808096346e+00 7.253668868215296106e-02 4.779793076962338821e-02
5.500000000000000000e+02 1.781466892146963965e-01 3.130423051691666902e+00 6.526622223977801562e-02 6.453697704170671852e-03
6.000000000000000000e+02 1.469465002938212805e-01 3.534269144009031471e+00 1.019914223586611685e-01 4.239246209211145616e-02
6.250000000000000000e+02 1.409684496096681727e-01 3.758310263093517456e+00 1.100473405827578771e-01 6.981007523551191994e-03
6.500000000000000000e+02 1.556213383447416776e-01 3.975685439617517858e+00 1.251017453390314838e-01 2.767733798886727950e-02
6.625000000000000000e+02 1.696247040216658786e-01 4.080494799619372337e+00 1.256636580229306965e-01 1.122850468415866098e-03
6.750000000000000000e+02 1.850032017788328376e-01 4.180577390146935635e+00 1.301871507537766259e-01 2.240184826237696936e-02
7.000000000000000000e+02 2.105339495084384005e-01 4.363340902277577982e+00 1.342464625571394565e-01 2.646017109227391875e-02
7.125000000000000000e+02 2.227265499579565156e-01 4.453986655400919759e+00 1.330220374885614509e-01 8.958583388847153476e-04
7.250000000000000000e+02 2.328153694309794131e-01 4.543594706647882120e+00 1.366998094554079113e-01 2.374720070934420099e-02
7.500000000000000000e+02 2.459138992681122737e-01 4.717263345568460942e+00 1.380171839025434721e-01 7.711906303960013986e-04
7.750000000000000000e+02 2.568835986393047666e-01 4.892839110487305909e+00 1.415760534345865407e-01 1.128509535940328988e-03
8.000000000000000000e+02 2.656216249833913134e-01 5.067034829058968626e+00 1.473713925482528775e-01 2.681621262160043331e-02
8.125000000000000000e+02 2.720414101333089585e-01 5.157177666642543734e+00 1.463952300979381727e-01 1.036315087320559503e-04
8.250000000000000000e+02 2.786374800232540583e-01 5.247321287035631165e+00 1.503271235955963292e-01 2.773984030157898226e-02
8.500000000000000000e+02 2.870583633872026974e-01 5.420417084592612511e+00 1.501427118999401900e-01 7.499775295177136180e-04
8.750000000000000000e+02 2.962767079497138911e-01 5.594839233957519475e+00 1.521251055352544623e-01 1.857976434987708295e-03
9.000000000000000000e+02 3.031210172089102706e-01 5.766409856604109763e+00 1.568691071933308590e-01 3.094436635950001402e-02
9.125000000000000000e+02 3.094575165009738615e-01 5.856466302404972346e+00 1.545214559282045430e-01 1.885594932039398553e-04
9.250000000000000000e+02 3.157864131870833369e-01 5.946915261935817654e+00 1.585295752233224498e-01 3.243435002706422654e-02
9.500000000000000000e+02 3.210015809953955523e-01 6.119357127996631007e+00 1.563824876992651880e-01 3.467692218512548959e-04
9.750000000000000000e+02 3.262179543115738545e-01 6.292507474317985405e+00 1.610044135964407153e-01 3.496151727414541915e-02
9.875000000000000000e+02 3.331213344265094856e-01 6.384621842161665839e+00 1.574540783404174971e-01 5.348500085841745993e-03
1.000000000000000000e+03 3.349995630852234396e-01 6.469720938962657542e+00 1.624849746672313022e-01 4.002546859477140728e-02
