3.000000000000000000e+02 1.431606737190052936e+00 6.958047899163731786e-01 7.272683447529701972e-01 4.421763653305903208e-02
3.062500000000000000e+02 1.364322122009221205e+00 5.378019730223455586e-01 8.507464435668645741e-01 2.278352308024847103e-02
3.093750000000000000e+02 1.326383238941635234e+00 4.609512810675632233e-01 8.925318362516105886e-01 2.464415691779864998e-02
3.125000000000000000e+02 1.282181966635240089e+00 3.985888102613749928e-01 8.947437068688519624e-01 6.376430846191927237e-02
3.156250000000000000e+02 1.206995863481594045e+00 3.579582594912981697e-01 8.732793078631515549e-01 1.569201876372259552e-01
3.187500000000000000e+02 1.052356981290922811e+00 3.507741237123392919e-01 9.530019064350905289e-01 2.759961125075624522e-01
3.218750000000000000e+02 7.810735665051460330e-01 3.967604797798270355e-01 1.166286154466337432e+00 8.695184851454987318e-02
3.250000000000000000e+02 6.037177841241231357e-01 4.579530300007023658e-01 1.167044268474245916e+00 4.133609504690620440e-02
3.312500000000000000e+02 4.881568897567337140e-01 6.011655261656502214e-01 9.204591412622296076e-01 2.590133943278520590e-02
3.375000000000000000e+02 4.595047579203000998e-01 7.685484474474065797e-01 6.332105851175446887e-01 3.465121219106899464e-02
3.500000000000000000e+02 4.508555855992103512e-01 1.002608239725013339e+00 3.741004694968393385e-01 4.010390191892435063e-02
3.625000000000000000e+02 4.177888693732283443e-01 1.154736068584021780e+00 2.893896902995194420e-01 9.921929484142917935e-03
3.750000000000000000e+02 3.588565991343126704e-01 1.290094078026536195e+00 2.815129273886514127e-01 3.140105348935065543e-02
3.812500000000000000e+02 3.225142954497621783e-01 1.373545487503682550e+00 2.841643997754292883e-01 2.112090500049989324e-03
3.875000000000000000e+02 2.926110789152669422e-01 1.458677655365925974e+00 2.822453807696778671e-01 3.231237990785269885e-03
3.937500000000000000e+02 2.713058747330223119e-01 1.542987834416486681e+00 2.734520810784148437e-01 1.937417306471701101e-02
3.968750000000000000e+02 2.622448688131944206e-01 1.586438470885438434e+00 2.665107416174076205e-01 2.322678018924833276e-04
4.000000000000000000e+02 2.539482177098054128e-01 1.630315441432410584e+00 2.631300653084394647e-01 4.011002906530659884e-02
4.125000000000000000e+02 2.348335730079438299e-01 1.772372707389143542e+00 2.374615202534965941e-01 1.765992698764230154e-03
4.250000000000000000e+02 2.115596332105622590e-01 1.909569041855080584e+00 2.277952721327086705e-01 4.329765806723005761e-02
4.500000000000000000e+02 1.816508763301611373e-01 2.177309614324179687e+00 2.077322044036268023e-01 1.308980218507450888e-02
4.750000000000000000e+02 1.854941998350214949e-01 2.421014304883582824e+00 1.934365519331798511e-01 7.573767788718080776e-03
5.000000000000000000e+02 1.868353325880696136e-01 2.635291143316242923e+00 1.912454423195168729e-01 4.589541244444119567e-02
5.500000000000000000e+02 1.768243815167152011e-01 3.032722116287881686e+00 1.860606680048232653e-01 6.106226516202386580e-03
6.000000000000000000e+02 1.458716493936839109e-01 3.427930986159074322e+00 2.046813981951434713e-01 4.063104370276159755e-02
6.250000000000000000e+02 1.398282490597876071e-01 3.646797053379163600e+00 2.104993796758064806e-01 6.090333044484726524e-03
6.500000000000000000e+02 1.541148349003924334e-01 3.859254036973913671e+00 2.167259065482986247e-01 2.645261775081519592e-02
6.625000000000000000e+02 1.677125487917174307e-01 3.961561178176383091e+00 2.152067306313333872e-01 1.111507410205103035e-03
6.750000000000000000e+02 1.826380755117997245e-01 4.059247093145451402e+00 2.155244678539654790e-01 2.145860601152017530e-02
7.000000000000000000e+02 2.075243227088189590e-01 4.237863716577646933e+00 2.133411579409628389e-01 2.522051709869053276e-02
7.125000000000000000e+02 2.193257691554272582e-01 4.326298336515789877e+00 2.105971842279960593e-01 7.296271408592610490e-04
7.250000000000000000e+02 2.290919622719168325e-01 4.413714213356781713e+00 2.109599721838652520e-01 2.280276357268004594e-02
7.500000000000000000e+02 2.420260802865437932e-01 4.583381673305497728e+00 2.085866916427905893e-01 2.100097209832979105e-03
7.750000000000000000e+02 2.523955654695563267e-01 4.754666719745813452e+00 2.080051014556402456e-01 1.060093055023161607e-03
8.000000000000000000e+02 2.607086839652910104e-01 4.924650208530947815e+00 2.092606061803400364e-01 2.684186250179802086e-02
8.125000000000000000e+02 2.668020279357256608e-01 5.012418601408158203e+00 2.072303859573791651e-01 2.603365512772887365e-03
8.250000000000000000e+02 2.717985895021466924e-01 5.098295904498566955e+00 2.068354557341298694e-01 1.092540444716049493e-03
8.375000000000000000e+02 2.768322705426620178e-01 5.184031080394838398e+00 2.064021636514095093e-01 1.130619179539103878e-03
8.500000000000000000e+02 2.831501970378979549e-01 5.271613621061934651e+00 2.077817063331345027e-01 2.756725589334822757e-02
8.750000000000000000e+02 2.907638047450498142e-01 5.439775310051293111e+00 2.048787214322432826e-01 1.171885232744557248e-03
9.000000000000000000e+02 2.991986014281549644e-01 5.609697172831959122e+00 2.037085141895305651e-01 1.584461194835044102e-04
9.250000000000000000e+02 3.070105782371359560e-01 5.779885205648388258e+00 2.024612919672457712e-01 4.176136499431564245e-04
9.500000000000000000e+02 3.141852446000447108e-01 5.950941972034607730e+00 2.011729720909157804e-01 1.121051018225202893e-03
9.750000000000000000e+02 3.195131707303231483e-01 6.120103432769051999e+00 2.023283388097353586e-01 3.320979865143605658e-02
9.875000000000000000e+02 3.261567545140413582e-01 6.209810148076853942e+00 1.987043598427611635e-01 4.448706659899883190e-03
1.000000000000000000e+03 3.280734527133591927e-01 6.292950716601771965e+00 2.012368268150660222e-01 3.776873557878039633e-02
