3.000000000000000000e+02 1.456348860760736441e+00 7.241473981873784993e-01 7.685246990058011152e-01 2.946068060040523892e-02
3.031250000000000000e+02 1.420470159547399636e+00 6.430974942567581065e-01 8.293100386302898475e-01 1.933428537623605933e-02
3.062500000000000000e+02 1.382253661500007391e+00 5.593745548608080043e-01 8.894926667952524069e-01 1.560393257357159218e-02
3.093750000000000000e+02 1.341431728164170334e+00 4.814421443281609592e-01 9.293518372460587429e-01 4.093446485609663309e-03
3.125000000000000000e+02 1.289897324001807677e+00 4.183893013052460974e-01 9.291328652017084577e-01 5.474231117882005782e-02
3.156250000000000000e+02 1.204617299125816388e+00 3.784948463859371115e-01 9.053015504913598521e-01 1.628514212429508778e-01
3.187500000000000000e+02 1.039450428803980531e+00 3.745313656814799885e-01 9.752472376679003352e-01 2.773717685142222944e-01
3.218750000000000000e+02 7.675169771674185126e-01 4.269861187070312925e-01 1.148558535900179756e+00 8.223244164401020961e-02
3.250000000000000000e+02 5.894929738761908178e-01 4.968435977982265661e-01 1.127358351187341290e+00 4.486210762316469175e-02
3.312500000000000000e+02 4.672443480122212556e-01 6.546155263783380862e-01 8.500337669606857771e-01 2.886482198686525849e-02
3.375000000000000000e+02 4.362477764653703849e-01 8.362129994111164866e-01 5.649098753834442821e-01 3.409609713014046667e-02
3.500000000000000000e+02 4.327677209674158920e-01 1.080201932035344869e+00 3.462091047326023019e-01 4.414795972424847420e-02
3.625000000000000000e+02 4.024299603507139333e-01 1.237286144799130128e+00 2.498473812895654622e-01 1.051437371884226223e-02
3.750000000000000000e+02 3.462796815669794137e-01 1.375540343123212494e+00 1.825129545370323125e-01 3.208858574074493347e-02
3.812500000000000000e+02 3.119213320125650002e-01 1.459676359046578886e+00 1.555810059833977188e-01 2.072160217741690104e-03
3.875000000000000000e+02 2.841302976188374019e-01 1.544961053457470257e+00 1.380242098103110493e-01 2.872520348032022407e-03
3.937500000000000000e+02 2.646413588401604344e-01 1.629338821018232908e+00 1.262785942350797552e-01 1.858056790371323888e-02
3.968750000000000000e+02 2.563916715326414741e-01 1.672848983551955993e+00 1.195650453050370321e-01 6.700678824323193748e-04
4.000000000000000000e+02 2.488055308709918034e-01 1.716866819278828560e+00 1.218767464695395125e-01 4.075351842993524959e-02
4.125000000000000000e+02 2.316013226758683596e-01 1.859712366311564669e+00 9.994415404845211071e-02 1.918581020832602069e-03
4.250000000000000000e+02 2.094624755871843935e-01 1.998332161050230482e+00 9.877558560853220981e-02 4.474713243393122625e-02
4.500000000000000000e+02 1.809173959596346304e-01 2.269777475613119488e+00 6.726114575317393429e-02 1.279404332054470510e-02
4.750000000000000000e+02 1.858088465317846161e-01 2.517865767913406216e+00 5.082769676935509212e-02 7.547176631832805752e-03
5.000000000000000000e+02 1.877923797925992733e-01 2.736705017175406152e+00 6.406746249779800284e-02 4.809312696553308397e-02
5.500000000000000000e+02 1.783374602962267685e-01 3.143159466379745748e+00 5.052918536107939979e-02 6.484471098904727622e-03
6.000000000000000000e+02 1.470988932885273770e-01 3.548139705018398260e+00 9.015140922426971570e-02 4.257142215018854675e-02
6.250000000000000000e+02 1.410909024315267213e-01 3.772845730002311271e+00 9.773451410903048753e-02 6.628792697144787749e-03
6.500000000000000000e+02 1.558314239206792795e-01 3.990877864455432800e+00 1.140949910056977268e-01 2.782854803865762380e-02
6.625000000000000000e+02 1.699248173807922369e-01 4.096023201329740182e+00 1.147618837341115305e-01 1.272583288162616472e-03
6.750000000000000000e+02 1.853737106726754125e-01 4.196423256705156035e+00 1.199445318274852540e-01 2.279743756415653771e-02
7.000000000000000000e+02 2.109776183453792586e-01 4.379730473892239573e+00 1.246869869503529765e-01 2.636837715913041558e-02
7.125000000000000000e+02 2.232309818692407855e-01 4.470668795347032543e+00 1.236011698972856593e-01 3.939956271641793253e-04
7.250000000000000000e+02 2.333748072758628223e-01 4.560568242222390545e+00 1.278152858579486850e-01 2.418461533679364117e-02
7.500000000000000000e+02 2.465246578083095663e-01 4.734772283862386466e+00 1.294555970799775024e-01 5.334092504440015713e-04
7.750000000000000000e+02 2.575493135934168176e-01 4.910903994279983920e+00 1.335123312056410994e-01 5.020927376378835983e-04
8.000000000000000000e+02 2.663228307977308917e-01 5.085642821131401980e+00 1.398618309161937800e-01 2.659599569322890558e-02
8.125000000000000000e+02 2.727932462862729390e-01 5.176091683715273284e+00 1.390141606802990926e-01 9.696814975483192918e-04
8.250000000000000000e+02 2.794427594933780457e-01 5.266544080248898752e+00 1.434235007396038597e-01 2.847241350180142183e-02
8.500000000000000000e+02 2.878982094727918772e-01 5.440185997664168660e+00 1.433681876965336166e-01 1.721169584066570106e-03
8.750000000000000000e+02 2.971667938786959340e-01 5.615174687789952657e+00 1.456992125562244778e-01 1.014061858658390179e-03
9.000000000000000000e+02 3.040378051135312898e-01 5.787289014750148120e+00 1.508167694007596649e-01 3.046341593873449702e-02
9.125000000000000000e+02 3.104374477296521495e-01 5.877667333046693088e+00 1.486106886605175759e-01 1.432182407031519326e-03
9.250000000000000000e+02 3.168321492117898153e-01 5.968442873350820577e+00 1.531349475830585116e-01 3.355405837008999109e-02
9.500000000000000000e+02 3.220651227769217306e-01 6.141433879395179929e+00 1.509291317830728507e-01 1.738661545685215182e-03
9.750000000000000000e+02 3.272944550667833408e-01 6.315133551586757932e+00 1.557909826623952165e-01 3.423541542893669687e-02
9.875000000000000000e+02 3.342588039982310466e-01 6.407579707768153554e+00 1.523731629086986228e-01 4.032673005374015976e-03
1.000000000000000000e+03 3.361256738216497619e-01 6.492935214764356644e+00 1.575265183071747066e-01 3.921814174713379036e-02
