3.000000000000000000e+02 1.491693456492085845e+00 8.550282538034983393e-01 8.940533866106348260e-01 8.473501514131319412e-02
3.062500000000000000e+02 1.373186017316661012e+00 6.827739234304043281e-01 1.005611309945488863e+00 1.101397624250102375e-01
3.125000000000000000e+02 1.202823147666706616e+00 5.413045763445961667e-01 1.066628601912359642e+00 2.871169984600344671e-01
3.187500000000000000e+02 9.185751370623671530e-01 5.088560180088469442e-01 1.078645269522108263e+00 3.262713308623104713e-01
3.250000000000000000e+02 5.433239360126577155e-01 6.680983741477840576e-01 1.089756385392419036e+00 1.686644101479225222e-01
3.375000000000000000e+02 3.855723349579092130e-01 1.079135705155179981e+00 9.352163916539979471e-01 1.492166110070224927e-01
3.500000000000000000e+02 3.905742160566142429e-01 1.378255401268215552e+00 8.332155659048327001e-01 3.823920275097329735e-02
3.750000000000000000e+02 3.240151680038962367e-01 1.686505422421419542e+00 7.545689572135173551e-01 3.677784382271992447e-02
4.000000000000000000e+02 2.373141417942111475e-01 2.053130807745071618e+00 7.377097156980808590e-01 2.797845568135591821e-01
5.000000000000000000e+02 1.958218532529634182e-01 3.109172198583808111e+00 4.445459398091005099e-01 4.644061296539184897e-02
6.000000000000000000e+02 1.562678350679479744e-01 4.004850429824341695e+00 2.936934248870016750e-01 3.836930050832727118e-02
7.000000000000000000e+02 2.250935584623036667e-01 4.915540408194979172e+00 1.806051865616546126e-01 4.085432219211948546e-02
8.000000000000000000e+02 2.874453084136773251e-01 5.696584409000007732e+00 1.155485329576285969e-01 1.867157160178986586e-02
9.000000000000000000e+02 3.206652231644914752e-01 6.458012923586876397e+00 1.765913401983662812e-01 1.583567723635178892e-01
9.500000000000000000e+02 3.478629314137711703e-01 6.860299332080252555e+00 7.221887750821816276e-02 2.647839622251777630e-02
1.000000000000000000e+03 3.510556791004497135e-01 7.232240357509425621e+00 2.094848063973328567e-01 1.985318615647922169e-01
