3.000000000000000000e+02 1.566360770472434938e+00 9.131477892118289308e-01 9.467799206827878233e-01 7.609531561393780008e-02
3.062500000000000000e+02 1.456770450781263104e+00 7.261411708266025666e-01 1.047558035046890490e+00 3.878689724088247442e-02
3.093750000000000000e+02 1.385828172302270289e+00 6.345552385056136835e-01 1.078708103509672389e+00 2.528567449104928561e-02
3.125000000000000000e+02 1.300903246660554569e+00 5.640638710231373754e-01 1.072953701690866124e+00 1.026680432429506185e-01
3.156250000000000000e+02 1.175294753883382448e+00 5.262961516281114971e-01 1.042883653225868290e+00 2.232404230162194636e-01
3.187500000000000000e+02 9.739981810358050440e-01 5.418980182751584884e-01 1.060030409575489552e+00 2.297132996242757519e-01
3.218750000000000000e+02 7.118793372541341036e-01 6.306801519970661740e-01 1.113730873803015164e+00 4.788718614449143790e-02
3.250000000000000000e+02 5.097092514479752978e-01 7.654074208638060872e-01 1.148744499509178452e+00 8.775142271317359910e-02
3.312500000000000000e+02 3.695513111859520250e-01 1.017793649428671232e+00 1.324075228905688517e+00 6.111038100885861357e-02
3.375000000000000000e+02 3.580767343640317013e-01 1.270162703751502420e+00 1.288780570571724793e+00 1.928877950067083361e-02
3.500000000000000000e+02 3.853079213279327342e-01 1.546460939432248605e+00 1.141260088292231911e+00 4.990653503285799597e-02
3.750000000000000000e+02 3.309898770751412700e-01 1.846502773341652803e+00 1.054712684265490363e+00 6.823233616694852899e-02
3.875000000000000000e+02 2.782837900254701013e-01 2.025273400009425906e+00 1.016790069742916858e+00 4.811368457433091300e-02
3.937500000000000000e+02 2.589287688168346868e-01 2.121421289350415407e+00 9.907607813493084503e-01 2.022260479919613281e-03
4.000000000000000000e+02 2.448097998939102737e-01 2.217457518705414632e+00 9.686346310686856365e-01 8.863901142604552197e-02
4.250000000000000000e+02 2.146825184024163946e-01 2.513769983603945768e+00 8.751457672659544995e-01 5.210117355727540527e-03
4.500000000000000000e+02 1.860371592555346287e-01 2.824414491435895957e+00 7.976462456560369230e-01 6.896918187120446020e-02
5.000000000000000000e+02 1.986282782013348291e-01 3.351151292112535263e+00 6.667836749786936190e-01 1.225361689340682542e-01
6.000000000000000000e+02 1.614424261724838328e-01 4.283191668032434229e+00 4.657380047606537454e-01 4.146888408304475609e-02
7.000000000000000000e+02 2.345932779096537579e-01 5.245334438742238703e+00 3.121230905081371354e-01 4.414990535853084014e-02
8.000000000000000000e+02 3.010785554335969616e-01 6.072068420390332122e+00 2.170929405822270009e-01 2.147898392672788898e-02
9.000000000000000000e+02 3.353748378438574096e-01 6.876784845081537867e+00 2.322973813608450455e-01 1.773998058213739626e-01
9.500000000000000000e+02 3.596591175984943378e-01 7.295708083449277126e+00 1.608998641873824742e-01 1.030133882162474479e-01
9.750000000000000000e+02 3.772926144622809064e-01 7.514295551807300022e+00 1.139541052666586951e-01 1.950641325520026392e-02
1.000000000000000000e+03 3.795629611959123184e-01 7.711434070249691963e+00 1.508558531291334659e-01 1.104076203614653001e-01
