3.000000000000000000e+02 1.470818800966343876e+00 7.473057947975229043e-01 8.011203809841420664e-01 5.590293400936183904e-02
3.062500000000000000e+02 1.394168214088987723e+00 5.813957084413658993e-01 9.185804541988253913e-01 3.542858985472886052e-02
3.093750000000000000e+02 1.347570219365537447e+00 5.008676156162686910e-01 9.565342954681326226e-01 5.521891383392299804e-03
3.125000000000000000e+02 1.290686466944663602e+00 4.368413122789289726e-01 9.551544668854784481e-01 6.178732188843420042e-02
3.156250000000000000e+02 1.198897446393861088e+00 3.970882077233965912e-01 9.303636110153513661e-01 1.753684084056836567e-01
3.187500000000000000e+02 1.027641526287139229e+00 3.954199798527911480e-01 9.919202770867118213e-01 2.768023695470759882e-01
3.218750000000000000e+02 7.574237492405444527e-01 4.532092719839195816e-01 1.135937001372324895e+00 7.845736330596933539e-02
3.250000000000000000e+02 5.746167295816396736e-01 5.417120587525829922e-01 1.108647954100044908e+00 1.336812432520848581e-01
3.375000000000000000e+02 4.257495573042880954e-01 8.788603097316266544e-01 5.692079633996223187e-01 8.490752851793963163e-02
3.500000000000000000e+02 4.155899174050446954e-01 1.153659597655328106e+00 4.065830362631705497e-01 3.315623402078229226e-02
3.750000000000000000e+02 3.404487513197332338e-01 1.440205969332895020e+00 2.783882302637904482e-01 6.267511532454776713e-02
3.875000000000000000e+02 2.798926127872364278e-01 1.614433962425229074e+00 2.310424593864023324e-01 7.743678574512335641e-03
4.000000000000000000e+02 2.423261208418748258e-01 1.797334593477716513e+00 2.584993123551875271e-01 1.488706222944073676e-01
4.500000000000000000e+02 1.818600647369523204e-01 2.344157582084001934e+00 1.526201796570713920e-01 3.207957390384554019e-02
5.000000000000000000e+02 1.878138703252820452e-01 2.822727818850089054e+00 1.360190277503923184e-01 9.450223548708718002e-02
6.000000000000000000e+02 1.505133505419287976e-01 3.650201858286679091e+00 3.785391687476614975e-02 3.274303125021622851e-02
7.000000000000000000e+02 2.138500955293932138e-01 4.496188868082536594e+00 6.996274223040087337e-02 3.510456404348413079e-02
8.000000000000000000e+02 2.707635923894603502e-01 5.219702663727494141e+00 8.946040356781076452e-02 1.509924142819855583e-02
9.000000000000000000e+02 3.015612115721784114e-01 5.925918267149532070e+00 1.757509595503460309e-01 1.383415771903634961e-01
9.500000000000000000e+02 3.213442666608118392e-01 6.290102644081812855e+00 1.393814910078954306e-01 7.886685522574622687e-02
9.750000000000000000e+02 3.352061402410541624e-01 6.478847344819101295e+00 1.182289814843908299e-01 1.180330464871199442e-02
1.000000000000000000e+03 3.383149545944573178e-01 6.652808992011403078e+00 1.474576343701553549e-01 8.555922570588915532e-02
