3.000000000000000000e+02 1.409140042903031409e+00 6.420133742831284351e-01 6.413758311563824144e-01 3.858816002213667079e-02
3.062500000000000000e+02 1.349676052431608930e+00 4.933718098415305064e-01 7.694877768682006902e-01 2.047735973524300590e-02
3.093750000000000000e+02 1.316768634011216577e+00 4.216450694803955401e-01 8.146264807884761039e-01 2.220237074693808335e-02
3.125000000000000000e+02 1.279354292534409687e+00 3.629418813220341988e-01 8.208509589943423501e-01 5.429743183776904181e-02
3.156250000000000000e+02 1.215146878124359509e+00 3.233162793756126918e-01 8.051490027706217356e-01 1.355341710068740657e-01
3.187500000000000000e+02 1.076401142270488664e+00 3.120703032830229873e-01 9.047802476822275342e-01 2.591934432686070489e-01
3.218750000000000000e+02 8.098278092057178412e-01 3.466051192625403399e-01 1.201302117874144093e+00 9.445022062316760225e-02
3.250000000000000000e+02 6.283195322305766828e-01 3.940537378208281982e-01 1.252888541577442449e+00 3.826282882231399340e-02
3.312500000000000000e+02 5.220128395717817948e-01 5.138285639426432017e-01 1.087551298869923855e+00 2.291592384503782567e-02
3.375000000000000000e+02 4.979288390452731305e-01 6.595255765148487770e-01 8.416855599654342601e-01 3.443978116435553183e-02
3.500000000000000000e+02 4.837305812628941437e-01 8.783966998615073685e-01 6.036941112915038543e-01 3.615309332475701715e-02
3.750000000000000000e+02 3.944142459213780816e-01 1.132944535041060963e+00 6.901554764672342968e-01 4.761771025957103193e-02
3.875000000000000000e+02 3.213848508940001514e-01 1.297318527790627618e+00 7.609652664181038029e-01 4.409340440019442892e-02
3.937500000000000000e+02 2.924379195712413226e-01 1.386458109898897284e+00 7.536499953159055964e-01 2.246973080796420275e-02
3.968750000000000000e+02 2.808375398342297102e-01 1.430457097674860956e+00 7.434487655266752704e-01 3.531559908431417634e-04
4.000000000000000000e+02 2.703825854958821218e-01 1.474552588333459591e+00 7.327500090138322486e-01 4.057944898569831871e-02
4.125000000000000000e+02 2.456907771352196956e-01 1.616218305840644742e+00 6.833656941646544247e-01 2.021148432426322136e-03
4.250000000000000000e+02 2.189872378186950019e-01 1.751756585541296207e+00 6.494881650110267968e-01 4.168327784442847628e-02
4.500000000000000000e+02 1.851652116494988398e-01 2.014087016516857620e+00 5.911617021111514880e-01 1.347399010703563896e-02
4.750000000000000000e+02 1.865314792756407047e-01 2.250850643115906102e+00 5.377748138146097867e-01 7.542050432811798349e-03
5.000000000000000000e+02 1.864223548956277510e-01 2.457625591059920733e+00 5.032027058108209383e-01 4.204619745118329255e-02
5.500000000000000000e+02 1.753787713488657030e-01 2.837538006864858353e+00 4.622282995448687148e-01 4.370167510764808722e-02
5.750000000000000000e+02 1.623408871863402381e-01 3.025276259537359458e+00 4.489053892799592105e-01 2.481236049900247508e-03
6.000000000000000000e+02 1.450648672048099608e-01 3.223028715760192231e+00 4.464012559831017080e-01 4.817152048360568567e-02
6.500000000000000000e+02 1.527812662187183479e-01 3.631175358973281142e+00 4.266779796038623895e-01 1.441685989200290098e-02
7.000000000000000000e+02 2.022215799446669127e-01 3.992053871107783536e+00 3.948352024979080999e-01 1.166147739432473601e-02
7.500000000000000000e+02 2.336200872518800764e-01 4.320037221417717177e+00 3.698526639239606562e-01 5.735449706818852682e-03
8.000000000000000000e+02 2.507534520241480602e-01 4.643750146442034321e+00 3.539869881441051191e-01 4.690753754531758191e-02
8.250000000000000000e+02 2.620867115584474272e-01 4.810444263685556443e+00 3.421266141131506511e-01 9.526930663318738664e-05
8.500000000000000000e+02 2.736017806240025885e-01 4.976783072135824604e+00 3.371399426994033388e-01 4.765460950004344470e-02
9.000000000000000000e+02 2.840817695878965488e-01 5.292158726167722094e+00 3.223545032116142406e-01 5.244067053766781478e-02
9.250000000000000000e+02 2.944335431978021833e-01 5.458183554665030357e+00 3.107188676142544348e-01 2.532403244728844306e-03
9.500000000000000000e+02 3.013438203140439975e-01 5.620946671734452060e+00 3.036764057708581932e-01 1.416816232663398309e-03
9.750000000000000000e+02 3.064444945542281196e-01 5.781935984312905674e+00 2.982154939031099183e-01 3.067710496852980515e-02
9.875000000000000000e+02 3.125330518429483839e-01 5.866933099624853654e+00 2.931180670600755933e-01 4.125424188237466344e-03
1.000000000000000000e+03 3.144828124147496240e-01 5.946193142334262660e+00 2.916165617136596278e-01 3.472667582794053409e-02
