3.000000000000000000e+02 1.438456309684491119e+00 7.262352849531680254e-01 7.624958223277966685e-01 3.236493456250939121e-02
3.031250000000000000e+02 1.401290933670420902e+00 6.456935609677947330e-01 8.235919698331685135e-01 2.616984674588544724e-02
3.062500000000000000e+02 1.362666219748453367e+00 5.619844542355918460e-01 8.842893245058602858e-01 3.234840525217290430e-02
3.093750000000000000e+02 1.324313182832628000e+00 4.830866366922680344e-01 9.250251034747769552e-01 4.468922582150281625e-02
3.125000000000000000e+02 1.278991435125502729e+00 4.180790656418790774e-01 9.258888773686743123e-01 8.006243550893826777e-02
3.156250000000000000e+02 1.201071613303385188e+00 3.762683260220926473e-01 9.022322758977290302e-01 1.703847288781585034e-01
3.187500000000000000e+02 1.041222016477388657e+00 3.708260871296849559e-01 9.721397150019439604e-01 2.776775314548115547e-01
3.218750000000000000e+02 7.697485827773462574e-01 4.222015695650684353e-01 1.151202593724880874e+00 8.421691056689470378e-02
3.250000000000000000e+02 5.917073805350969717e-01 4.907532295878411222e-01 1.132896182252720596e+00 4.424039722910613065e-02
3.312500000000000000e+02 4.705227777382661736e-01 6.462280219628596667e-01 8.589553882623239822e-01 2.831747099482644081e-02
3.375000000000000000e+02 4.398027261393565590e-01 8.256131257127830025e-01 5.712320749677418652e-01 3.424645735457077650e-02
3.500000000000000000e+02 4.353490403102809880e-01 1.068232826088399534e+00 3.426870566439373933e-01 4.369586264490068345e-02
3.625000000000000000e+02 4.045213160584906209e-01 1.224676984563012550e+00 2.442382110569586429e-01 1.041722993005352906e-02
3.750000000000000000e+02 3.479223716214308593e-01 1.362553811547620342e+00 1.814038747006586627e-01 3.223381239744500804e-02
3.812500000000000000e+02 3.132849239531164121e-01 1.446595695167514073e+00 1.576725495655670883e-01 2.132902155128540110e-03
3.875000000000000000e+02 2.852139484115582269e-01 1.531846395600820143e+00 1.421740752805982499e-01 3.036280080866558383e-03
3.937500000000000000e+02 2.655138851260931965e-01 1.616186704679026143e+00 1.309031763273414417e-01 1.901640761844615446e-02
3.968750000000000000e+02 2.571553393451366243e-01 1.659682329248964638e+00 1.240065744679561544e-01 3.408759437683083274e-04
4.000000000000000000e+02 2.494592008009383355e-01 1.703680061269928769e+00 1.257247418410938344e-01 4.050508977261944171e-02
4.125000000000000000e+02 2.320014477110251272e-01 1.846383654924858453e+00 1.030951286262762195e-01 1.836068762684920806e-03
4.250000000000000000e+02 2.097131501059948111e-01 1.984769956694300674e+00 1.018807651958506533e-01 4.443701678582237524e-02
4.500000000000000000e+02 1.809868703933259770e-01 2.255622338164767537e+00 7.530935906523407442e-02 1.292632869229454369e-02
4.750000000000000000e+02 1.857283976141445581e-01 2.503022257248987081e+00 6.352626615247738973e-02 7.592727199872402986e-03
5.000000000000000000e+02 1.876182224900987683e-01 2.721150774523350524e+00 7.604555499093826332e-02 4.772221573531354455e-02
5.500000000000000000e+02 1.780848460501670838e-01 3.126206323801405951e+00 7.021595679981505744e-02 6.433842724356503978e-03
6.000000000000000000e+02 1.468950877725906656e-01 3.529676940225299653e+00 1.060085167959947672e-01 4.228169178700589420e-02
6.250000000000000000e+02 1.408742617484627646e-01 3.753479603235487350e+00 1.141333994368397969e-01 6.423835035667965244e-03
6.500000000000000000e+02 1.555524246119560361e-01 3.970652738789146152e+00 1.288073071241765677e-01 2.763127067552828553e-02
6.625000000000000000e+02 1.695592763169997408e-01 4.075357530885322710e+00 1.293214858906716613e-01 1.184256732367931558e-03
6.750000000000000000e+02 1.849252741740392003e-01 4.175337596016684749e+00 1.336692505810031795e-01 2.249168252775137974e-02
7.000000000000000000e+02 2.104065090123331261e-01 4.357919029885098716e+00 1.374337260848121633e-01 2.635492307004347334e-02
7.125000000000000000e+02 2.226010977804331048e-01 4.448473040946716139e+00 1.361809137963011784e-01 6.301930307853089016e-04
7.250000000000000000e+02 2.326821461921941558e-01 4.537987287879063025e+00 1.397296881055342666e-01 2.384621455489208813e-02
7.500000000000000000e+02 2.457646278347903335e-01 4.711481137329248448e+00 1.408885697627980382e-01 5.687641862317354682e-04
7.750000000000000000e+02 2.567231651549122806e-01 4.886876597744401529e+00 1.442777757622255852e-01 7.850716524900891186e-04
8.000000000000000000e+02 2.654502973490721063e-01 5.060895463454943233e+00 1.498346676204773686e-01 2.656747468347536723e-02
8.125000000000000000e+02 2.718682544770739673e-01 5.150942368749699796e+00 1.488727445634543123e-01 5.385275212675958356e-04
8.250000000000000000e+02 2.784628312017144447e-01 5.240989998765535063e+00 1.527339186097334545e-01 2.796547124117625474e-02
8.500000000000000000e+02 2.868743716764233231e-01 5.413909324500025377e+00 1.524197519504582599e-01 1.217100826513420895e-03
8.750000000000000000e+02 2.960858749986789995e-01 5.588150597030348443e+00 1.542711713509347105e-01 1.384742579096698550e-03
9.000000000000000000e+02 3.029228475863972037e-01 5.759546057178541290e+00 1.587903479230255710e-01 3.055282794066508864e-02
9.125000000000000000e+02 3.092611974771703465e-01 5.849506653334062278e+00 1.565060362835201113e-01 7.865983071774321515e-04
9.250000000000000000e+02 3.155927301722963318e-01 5.939859451870455942e+00 1.604986329359616715e-01 3.282542381314915159e-02
9.500000000000000000e+02 3.208026702652822526e-01 6.112125304750346544e+00 1.582150553997995757e-01 1.004097735568854977e-03
9.750000000000000000e+02 3.260131871765716838e-01 6.285098979142226483e+00 1.625859395884426961e-01 3.443958717639677286e-02
9.875000000000000000e+02 3.329180617681289367e-01 6.377115118954332473e+00 1.591198443588209555e-01 4.650421070244178598e-03
1.000000000000000000e+03 3.347911582281413723e-01 6.462128967395607937e+00 1.639355327421163633e-01 3.943727531061376468e-02
