3.000000000000000000e+02 1.462948540981090506e+00 7.545738280479479254e-01 8.042107023823642509e-01 5.163031090123550854e-02
3.062500000000000000e+02 1.385070249037455792e+00 5.877570169482732032e-01 9.213514417226204012e-01 2.611407033936607308e-02
3.093750000000000000e+02 1.338809285408786298e+00 5.063027199390686128e-01 9.598352480521543661e-01 2.707787689976200174e-02
3.125000000000000000e+02 1.282778280817034933e+00 4.413873018206214693e-01 9.594017254635659464e-01 8.171805748351085308e-02
3.156250000000000000e+02 1.190584095843839174e+00 4.014515470977812472e-01 9.363361363676084848e-01 1.927332697496430547e-01
3.187500000000000000e+02 1.018133096203808874e+00 4.004190526164017605e-01 9.978983859685878199e-01 2.864140959058236735e-01
3.218750000000000000e+02 7.549530818734742077e-01 4.567199004621653735e-01 1.134246515170814096e+00 7.155443117305144984e-02
3.250000000000000000e+02 5.731816551241185609e-01 5.458214617334948837e-01 1.106368941693734786e+00 1.354652229709378541e-01
3.375000000000000000e+02 4.239075272987388732e-01 8.852477879214760703e-01 5.730577490994481771e-01 8.674083052183145792e-02
3.500000000000000000e+02 4.143322919301248852e-01 1.161000355617726409e+00 4.172287220123735429e-01 3.305059048780460695e-02
3.750000000000000000e+02 3.397811311548730728e-01 1.447942226384698161e+00 2.932583474246773236e-01 6.279981717700904020e-02
3.875000000000000000e+02 2.794728520562186347e-01 1.622289204556507602e+00 2.472034981964975064e-01 7.725116518858634630e-03
4.000000000000000000e+02 2.420820176171533666e-01 1.805315657520866868e+00 2.718222363842267009e-01 1.491908098498735680e-01
4.500000000000000000e+02 1.818774759332480728e-01 2.352787084175561816e+00 1.662123417135672188e-01 3.203780325556120079e-02
5.000000000000000000e+02 1.879472024850639966e-01 2.832273889360735986e+00 1.452694487844830018e-01 9.494458250651681419e-02
6.000000000000000000e+02 1.506714314359961504e-01 3.661567536246721488e+00 4.263736352378433292e-02 3.289093291089662668e-02
7.000000000000000000e+02 2.141938278186027445e-01 4.509600216325456046e+00 6.545162547955904464e-02 3.525770642040373937e-02
8.000000000000000000e+02 2.712851622539287355e-01 5.234938781477792347e+00 8.468912804944041250e-02 1.519286954367809507e-02
9.000000000000000000e+02 3.021595477062830049e-01 5.942911708416488636e+00 1.737706786407328674e-01 1.389860471215849658e-01
9.500000000000000000e+02 3.220327326060142270e-01 6.308069015585132888e+00 1.364801063483374044e-01 7.920088542941440546e-02
9.750000000000000000e+02 3.359331042403989609e-01 6.497322419540997096e+00 1.146589439042241809e-01 1.200856308152739929e-02
1.000000000000000000e+03 3.390162062459110559e-01 6.671690149805560743e+00 1.450234683469192043e-01 8.615031115355341329e-02
