3.000000000000000000e+02 1.433584411855938656e+00 6.975329572783810494e-01 7.305608400127739932e-01 4.573590263059312822e-02
3.062500000000000000e+02 1.365499122067288962e+00 5.394487991484218092e-01 8.537045773477679456e-01 2.175269210275308437e-02
3.093750000000000000e+02 1.327049755449723811e+00 4.624830638323245147e-01 8.953675492262688218e-01 2.399552827414160733e-02
3.125000000000000000e+02 1.282317830235942147e+00 4.000713787850616043e-01 8.974517855889001527e-01 6.407711096155242758e-02
3.156250000000000000e+02 1.206164493616227906e+00 3.595714682849333599e-01 8.760022919278784848e-01 1.588226513270214191e-01
3.187500000000000000e+02 1.050663329376740895e+00 3.526428260298157258e-01 9.551479652133065823e-01 2.774192341314641319e-01
3.218750000000000000e+02 7.802035809515952547e-01 3.991481598019571697e-01 1.165000314274837967e+00 8.766197420324886580e-02
3.250000000000000000e+02 6.005927049902265447e-01 4.690127916588874846e-01 1.168049210511914238e+00 1.065960592342902885e-01
3.375000000000000000e+02 4.628139327245674450e-01 7.634048716662205081e-01 6.279348554699217821e-01 5.566335996921634860e-02
3.500000000000000000e+02 4.451632510661600040e-01 1.016609667665602235e+00 3.678160464623128068e-01 3.532878557416694459e-02
3.750000000000000000e+02 3.591566438346215362e-01 1.292726309070311386e+00 2.729301063007363859e-01 6.056134147443609228e-02
3.875000000000000000e+02 2.943419401189141804e-01 1.460523968696100461e+00 2.695337152493837984e-01 4.447829272635375059e-02
3.937500000000000000e+02 2.699654655906690848e-01 1.551086558400559090e+00 2.563330241464294446e-01 2.648092260830375421e-03
4.000000000000000000e+02 2.520757660406924838e-01 1.640088138034045961e+00 2.555728423214163048e-01 7.599899185459536854e-02
4.250000000000000000e+02 2.126798318251739983e-01 1.912571791476275429e+00 2.089232398297242166e-01 2.196080307358134597e-03
4.500000000000000000e+02 1.806795334164947864e-01 2.188095267400302024e+00 2.001710175926420809e-01 5.072252685375985837e-02
5.000000000000000000e+02 1.859173064722908220e-01 2.645104208626791742e+00 1.946911919894064313e-01 8.731070578707235408e-02
6.000000000000000000e+02 1.479106866539889598e-01 3.439286768491070845e+00 1.937320671167395980e-01 2.989918282256061322e-02
7.000000000000000000e+02 2.075486398119074927e-01 4.247514972640187736e+00 2.078574554666853258e-01 3.460543832175386192e-02
8.000000000000000000e+02 2.566492712507075780e-01 4.930208252910727396e+00 2.293334876697574465e-01 1.080767395667505959e-01
8.500000000000000000e+02 2.811456007092870135e-01 5.281070215336871598e+00 2.013234391971389092e-01 8.426414178166674249e-03
9.000000000000000000e+02 2.954360856741344299e-01 5.617214822246277883e+00 2.085135116893500062e-01 6.082343840895067244e-02
9.250000000000000000e+02 3.071378048490915336e-01 5.792968353750712396e+00 1.984229350070833564e-01 3.191624605273932214e-03
9.500000000000000000e+02 3.148433661362354807e-01 5.964802654016660100e+00 1.973218690375689310e-01 1.860417992929729709e-04
9.750000000000000000e+02 3.222330284504170694e-01 6.137216673031684167e+00 1.959948717634191206e-01 4.840985511151863797e-03
1.000000000000000000e+03 3.250554051782033604e-01 6.303071206168421980e+00 2.089472140389579957e-01 7.690393283530043422e-02
