3.000000000000000000e+02 1.475362161950212858e+00 7.970508979267673100e-01 8.456614873179023606e-01 6.027609402117416193e-02
3.062500000000000000e+02 1.390876643422352954e+00 6.238771384982032542e-01 9.586392943715318360e-01 3.504779111531804159e-02
3.093750000000000000e+02 1.342433236471390900e+00 5.380808505681808906e-01 9.954590613481693051e-01 4.144293585144222941e-02
3.125000000000000000e+02 1.285156193214517018e+00 4.694322317448725301e-01 9.930516359707024510e-01 8.892694996770207638e-02
3.156250000000000000e+02 1.189711007275692012e+00 4.281240075993398286e-01 9.659866030090398237e-01 1.940263904612301860e-01
3.187500000000000000e+02 1.011281081240409607e+00 4.299853661331235477e-01 1.013872783830825020e+00 2.678387439121111546e-01
3.218750000000000000e+02 7.434773409717601034e-01 4.951414532735118890e-01 1.120238847080454514e+00 7.243737424736251818e-02
3.250000000000000000e+02 5.589536326080509765e-01 5.855395032428603042e-01 1.076646058089366864e+00 5.727955854386754947e-02
3.312500000000000000e+02 4.212820061661464721e-01 7.767468948745397395e-01 8.343152150946732126e-01 4.128822173128718354e-02
3.375000000000000000e+02 3.917870049077845640e-01 9.897142890629047063e-01 6.763906245534936357e-01 3.343256263329683065e-02
3.500000000000000000e+02 4.001050371719269139e-01 1.257154106672665916e+00 5.879121684577779394e-01 4.284980961261775079e-02
3.750000000000000000e+02 3.334715552994131360e-01 1.546599014774257874e+00 5.005082865093073430e-01 6.501585283932924397e-02
3.875000000000000000e+02 2.777309200526352218e-01 1.717925421437718203e+00 4.654166640362147334e-01 4.474744974765432204e-02
3.937500000000000000e+02 2.573426639893580670e-01 1.809677463549244525e+00 4.487677660628449083e-01 2.204476451693042696e-03
4.000000000000000000e+02 2.425072116156663793e-01 1.900492372489122506e+00 4.425293941382027474e-01 7.962661673994954337e-02
4.250000000000000000e+02 2.097058196489661186e-01 2.181146602471099705e+00 3.885331854447579558e-01 2.801838067714436560e-03
4.500000000000000000e+02 1.804995529932527376e-01 2.470284609279945975e+00 3.455716210147501410e-01 5.781820844540810911e-02
5.000000000000000000e+02 1.898914083984213075e-01 2.956033339251333381e+00 2.816553087526737498e-01 1.013507330991893218e-01
6.000000000000000000e+02 1.527374076810731063e-01 3.809030832144211232e+00 1.511389247109639067e-01 3.288084575243249708e-02
7.000000000000000000e+02 2.150911156857824302e-01 4.676719251508721698e+00 1.588290257893331392e-01 1.412033137542921257e-01
7.500000000000000000e+02 2.560026361288216257e-01 5.059713648892001814e+00 5.971755863174856016e-02 1.103856194292520722e-02
8.000000000000000000e+02 2.764283419418193111e-01 5.429040614419845312e+00 8.181021733573344557e-02 6.120979484289879036e-02
8.250000000000000000e+02 2.907527722478305265e-01 5.621088068242760194e+00 5.504391936280435965e-02 8.303518480574395729e-05
8.500000000000000000e+02 3.052691411985650749e-01 5.812923003123270149e+00 8.393380222499119414e-02 6.146816094722536150e-02
9.000000000000000000e+02 3.164293200492213076e-01 6.171798463822749881e+00 9.294320377265415101e-02 6.738397341619366265e-02
9.250000000000000000e+02 3.296510639664876896e-01 6.363698314432831182e+00 6.784584752211256231e-02 4.033547775513034173e-03
9.500000000000000000e+02 3.383718883389413845e-01 6.550863004452915916e+00 7.167936138888857112e-02 2.742851555309384773e-04
9.750000000000000000e+02 3.464662552218168989e-01 6.738465033432625262e+00 7.578699900852826910e-02 6.727268583172416397e-03
1.000000000000000000e+03 3.487174977578613722e-01 6.917720995765376024e+00 1.199939199898512748e-01 9.008189307665311063e-02
