3.000000000000000000e+02 1.443241008992632191e+00 7.128474252150336365e-01 7.527203480555825221e-01 4.546480967849672594e-02
3.062500000000000000e+02 1.373311772978681677e+00 5.520493562496570084e-01 8.743640173198166110e-01 2.375012922771194482e-02
3.093750000000000000e+02 1.332908288850490841e+00 4.738570347215778633e-01 9.149140614601800614e-01 1.812145919153392015e-02
3.125000000000000000e+02 1.284869556233095622e+00 4.108024606833163839e-01 9.159051850370190095e-01 6.302414189157545810e-02
3.156250000000000000e+02 1.204801032218008938e+00 3.702161973224104008e-01 8.930061981179281405e-01 1.622292616923420860e-01
3.187500000000000000e+02 1.045490142849995197e+00 3.644441623353363857e-01 9.661199634456760776e-01 2.762127921795067276e-01
3.218750000000000000e+02 7.740454206064018017e-01 4.141560519255128026e-01 1.155890220768192034e+00 8.995639913627971607e-02
3.250000000000000000e+02 5.954207271572985460e-01 4.807080516112912649e-01 1.142581893497350620e+00 4.349190405582130381e-02
3.312500000000000000e+02 4.759252616640660682e-01 6.324493987900505765e-01 8.754651092584140315e-01 2.758620435481290434e-02
3.375000000000000000e+02 4.456901118835781550e-01 8.082616874075296831e-01 5.854933711487845249e-01 3.518908555763217844e-02
3.500000000000000000e+02 4.394617057957502793e-01 1.048985444835663250e+00 3.427785591173557189e-01 3.861488258400137819e-02
3.625000000000000000e+02 4.080569603895573549e-01 1.203852633620035251e+00 2.445369908836022566e-01 1.052753389785992914e-02
3.750000000000000000e+02 3.510284814907009832e-01 1.340579022319866587e+00 1.951692151899236671e-01 3.455802615031831199e-02
3.812500000000000000e+02 3.162974080141260913e-01 1.424125223814146413e+00 1.791025397001800301e-01 8.290070069857132309e-03
3.875000000000000000e+02 2.875322428193030633e-01 1.509565740881054552e+00 1.682073036767046115e-01 7.483989696561613864e-03
3.937500000000000000e+02 2.670788461291341287e-01 1.594209305212170413e+00 1.580308199585281348e-01 1.969600126092283313e-02
3.968750000000000000e+02 2.585006324333067873e-01 1.637717767542615999e+00 1.512095704808225916e-01 2.417811812721861939e-04
4.000000000000000000e+02 2.506470396381159094e-01 1.681675256252235684e+00 1.513563118960920828e-01 4.026569150126067115e-02
4.125000000000000000e+02 2.327414679717331736e-01 1.824153496388676299e+00 1.285551950714317604e-01 1.758654539687647339e-03
4.250000000000000000e+02 2.101826662400222145e-01 1.962168178635190774e+00 1.256412347462095569e-01 4.405512650156238885e-02
4.500000000000000000e+02 1.811384250873812884e-01 2.232047491578049936e+00 1.056732932234004524e-01 1.311479118257169452e-02
4.750000000000000000e+02 1.856206073596173012e-01 2.478314805085092498e+00 9.687057162649363729e-02 7.637515388303448526e-03
5.000000000000000000e+02 1.873472993102276996e-01 2.695273953634205633e+00 1.052517940698349669e-01 4.720584274477878511e-02
5.500000000000000000e+02 1.776827196215465254e-01 3.098009806952968681e+00 1.039851345290798146e-01 6.312564098540932901e-03
6.000000000000000000e+02 1.466714980095423226e-01 3.498994267303569217e+00 1.341056521591799111e-01 4.175942153680110847e-02
6.250000000000000000e+02 1.408921918912138249e-01 3.721297915469362394e+00 1.424985933011293504e-01 1.103898288954935011e-02
6.500000000000000000e+02 1.550964758238722596e-01 3.937004374167890397e+00 1.542933751955016530e-01 2.770154304594005940e-02
6.625000000000000000e+02 1.689441899690455329e-01 4.040979322858662570e+00 1.542910475042050811e-01 1.473198874133645241e-03
6.750000000000000000e+02 1.841596549022073426e-01 4.140257002806674969e+00 1.572653455226998842e-01 2.150102397498797682e-02
7.000000000000000000e+02 2.095124336719182967e-01 4.321670373100189089e+00 1.593798061378434439e-01 2.612135215300231961e-02
7.125000000000000000e+02 2.215807556936082445e-01 4.411584391511773617e+00 1.577770719737679739e-01 8.569468757855747349e-04
7.250000000000000000e+02 2.316439137303649420e-01 4.500535241135165343e+00 1.604697354216139127e-01 2.454887467736731332e-02
7.500000000000000000e+02 2.464850330991509575e-01 4.676103105911448843e+00 1.674848713204901141e-01 4.783840748650622365e-02
8.000000000000000000e+02 2.626775490729512108e-01 5.017789908329174153e+00 1.730418886721469263e-01 5.247554766038944885e-02
8.250000000000000000e+02 2.736240598261169832e-01 5.194029983363384062e+00 1.691467435246239437e-01 2.927321674248498790e-02
8.375000000000000000e+02 2.802733759966558047e-01 5.283365995111219959e+00 1.672977812639794837e-01 6.829175791819965056e-05
8.500000000000000000e+02 2.868573534472925735e-01 5.372559304345255526e+00 1.703005243918840339e-01 2.826048299680136364e-02
8.750000000000000000e+02 2.946109714651516942e-01 5.543475799801919734e+00 1.689515615728065245e-01 9.538103718313876512e-04
9.000000000000000000e+02 3.032314779038276509e-01 5.716255516074634002e+00 1.697178614787405726e-01 2.576235647358311883e-04
9.250000000000000000e+02 3.112217429757289655e-01 5.889321367407237773e+00 1.702787654107979221e-01 2.994237835593138372e-04
9.500000000000000000e+02 3.185507344395988039e-01 6.063270589477200545e+00 1.706971903269939861e-01 1.669901449054332025e-03
9.750000000000000000e+02 3.239397194660185164e-01 6.235206607497323361e+00 1.741962356779363230e-01 3.463049034433544199e-02
9.875000000000000000e+02 3.307656226602282978e-01 6.326527689741524796e+00 1.706430889996359279e-01 5.281994616352436028e-03
1.000000000000000000e+03 3.326569673741172073e-01 6.410975151146868001e+00 1.748365046389440125e-01 3.946419585989790341e-02
