3.000000000000000000e+02 1.442843369968025868e+00 7.128252915061906725e-01 7.497786419917816803e-01 2.316048862315951001e-02
3.031250000000000000e+02 1.407341378582542379e+00 6.329512990763093150e-01 8.112485825263835437e-01 1.387472898966008892e-03
3.062500000000000000e+02 1.370168071988180136e+00 5.502641226112929829e-01 8.722759142132682220e-01 4.957365951595153405e-03
3.093750000000000000e+02 1.332127588004669239e+00 4.727559487241022040e-01 9.132303655486432303e-01 1.883307137234908196e-02
3.125000000000000000e+02 1.285178341248067735e+00 4.095857384119590550e-01 9.142117916683200063e-01 6.161566112031733461e-02
3.156250000000000000e+02 1.205331466972095367e+00 3.691188033511443867e-01 8.913648013477021292e-01 1.609910217524715970e-01
3.187500000000000000e+02 1.045037365713374689e+00 3.636435751991701770e-01 9.656763944562400948e-01 2.777376308457989995e-01
3.218750000000000000e+02 7.733958534264672169e-01 4.131497757267220683e-01 1.156316527659644766e+00 8.402621277374000552e-02
3.250000000000000000e+02 5.959951473967405322e-01 4.789418723479558770e-01 1.144384852530505370e+00 4.314662801010202275e-02
3.312500000000000000e+02 4.768904251258643257e-01 6.299700548772095843e-01 8.786539473332546368e-01 2.737839356139703043e-02
3.375000000000000000e+02 4.468193974158126691e-01 8.050271798819692570e-01 5.884855650780284053e-01 3.461501162135523224e-02
3.500000000000000000e+02 4.406208316155209026e-01 1.044797534861329424e+00 3.442192003427456681e-01 4.244455386645491074e-02
3.625000000000000000e+02 4.088934442354874577e-01 1.199861527116834470e+00 2.458941567144452556e-01 1.021978430935825688e-02
3.750000000000000000e+02 3.514279697021347459e-01 1.336933540933421760e+00 1.990714712013461341e-01 3.209293359773900817e-02
3.812500000000000000e+02 3.162157480869677850e-01 1.420776080509279726e+00 1.848100007407605661e-01 2.168549398677822610e-03
3.875000000000000000e+02 2.875505517922924970e-01 1.505968964158620915e+00 1.748079348424053658e-01 3.171460948271505233e-03
3.937500000000000000e+02 2.673356751653823138e-01 1.590277000651629358e+00 1.649054342247883165e-01 1.922750997617696592e-02
3.968750000000000000e+02 2.587523992131863793e-01 1.633745213825243070e+00 1.581760335725477251e-01 2.384253167811420436e-04
4.000000000000000000e+02 2.508699163442781321e-01 1.677687361851276426e+00 1.580238608864147076e-01 4.025689862367705374e-02
4.125000000000000000e+02 2.328783397790120946e-01 1.820131627799476348e+00 1.351815944555265214e-01 1.767875958780122918e-03
4.250000000000000000e+02 2.102730252706743463e-01 1.958071687462697774e+00 1.318108857280682888e-01 4.395719025123231982e-02
4.500000000000000000e+02 1.811654457955834963e-01 2.227783759730177060e+00 1.125244671478948938e-01 1.306655556590723480e-02
4.750000000000000000e+02 1.856023743056431363e-01 2.473846791510330156e+00 1.037347884823969779e-01 7.617059965253403057e-03
5.000000000000000000e+02 1.873022476976132777e-01 2.690589192185226963e+00 1.112504535565299185e-01 4.703974420204774798e-02
5.500000000000000000e+02 1.776107983149540770e-01 3.092911523746856073e+00 1.102061321680214423e-01 6.309130445556561731e-03
6.000000000000000000e+02 1.465122328839924826e-01 3.493427348888008765e+00 1.393765998710944642e-01 4.169506963017311635e-02
6.250000000000000000e+02 1.404879811298349324e-01 3.715464751955852574e+00 1.473854625208664282e-01 6.349641862783636688e-03
6.500000000000000000e+02 1.550366314886181263e-01 3.930954881808783163e+00 1.589166362276931976e-01 2.717346236577386151e-02
6.625000000000000000e+02 1.688901066859841149e-01 4.034800929185655249e+00 1.588941846726001084e-01 1.178381939631020607e-03
6.750000000000000000e+02 1.840978576601346728e-01 4.133960509295888208e+00 1.617426501897393509e-01 2.212829584190768861e-02
7.000000000000000000e+02 2.093795146345610592e-01 4.315129858770068161e+00 1.634102166835380843e-01 2.587143440417698573e-02
7.125000000000000000e+02 2.214238302871736619e-01 4.404923831853610139e+00 1.617634726499459497e-01 6.243286326561927908e-04
7.250000000000000000e+02 2.313854727444460135e-01 4.493685572248495852e+00 1.641237625483283891e-01 2.344283361541850755e-02
7.500000000000000000e+02 2.443429266121130983e-01 4.665790589549206224e+00 1.641440208876772389e-01 5.490574793500229301e-04
7.750000000000000000e+02 2.551818961545360698e-01 4.839748050039726301e+00 1.661681982720799589e-01 7.524805580442547187e-04
8.000000000000000000e+02 2.638286498054346341e-01 5.012360588401468142e+00 1.701129189942086062e-01 2.612137803909340972e-02
8.125000000000000000e+02 2.701531576572395177e-01 5.101625327944915078e+00 1.689145515645185391e-01 5.608115438899394147e-04
8.250000000000000000e+02 2.766505226468658485e-01 5.190886105676154827e+00 1.718410242651977060e-01 2.751722302786556440e-02
8.500000000000000000e+02 2.849903307910118255e-01 5.362396552607592071e+00 1.708134286447197947e-01 1.241889226958812998e-03
8.750000000000000000e+02 2.941078674495890555e-01 5.535183446274004382e+00 1.716637775454113168e-01 1.265052299702231148e-03
9.000000000000000000e+02 3.008964493506703919e-01 5.705180191320067706e+00 1.748746756597302499e-01 2.997620937157513196e-02
9.125000000000000000e+02 3.071318685461568165e-01 5.794333780266663680e+00 1.725293853094673757e-01 9.219103135713040825e-04
9.250000000000000000e+02 3.133587125044946520e-01 5.883871378820947129e+00 1.757140848902736807e-01 3.239584005472858491e-02
9.500000000000000000e+02 3.185473676520178543e-01 6.054730900134253524e+00 1.729944178277849354e-01 1.217596754622395430e-03
9.750000000000000000e+02 3.237468030298462085e-01 6.226298343842861627e+00 1.761509870940975442e-01 3.369519763886329872e-02
9.875000000000000000e+02 3.305561620971219638e-01 6.317487917473002312e+00 1.727342945223033777e-01 4.205802423608662709e-03
1.000000000000000000e+03 3.324532041565413931e-01 6.401839432865174651e+00 1.766371747469007991e-01 3.850953462592866805e-02
