3.000000000000000000e+02 1.445480896993657893e+00 7.348879674676739304e-01 7.746427638691658624e-01 2.967216907588257277e-02
3.031250000000000000e+02 1.407396782295173843e+00 6.537825125878957699e-01 8.352026754389739738e-01 2.026523275127587592e-02
3.062500000000000000e+02 1.368240973502627300e+00 5.691815224344612956e-01 8.953339675388799490e-01 2.541322619838509711e-02
3.093750000000000000e+02 1.329486960668410545e+00 4.892809012708875804e-01 9.354111719952672432e-01 3.658538934538563964e-02
3.125000000000000000e+02 1.282281090362279219e+00 4.240005977449488594e-01 9.355715184316780730e-01 7.495619507234563272e-02
3.156250000000000000e+02 1.200941148829078875e+00 3.825978584110787395e-01 9.112613242715685846e-01 1.707607741610666363e-01
3.187500000000000000e+02 1.037392586657561733e+00 3.783415151704838109e-01 9.784519628555193860e-01 2.772298471548202414e-01
3.218750000000000000e+02 7.663340311039827935e-01 4.315545857938350438e-01 1.146258373630737903e+00 8.528624110009982995e-02
3.250000000000000000e+02 5.873719611966756737e-01 5.029928232025528967e-01 1.121983024340626800e+00 4.568804729795252623e-02
3.312500000000000000e+02 4.639226108715250319e-01 6.631174541632370856e-01 8.418398113289401463e-01 2.950460303844326324e-02
3.375000000000000000e+02 4.326619735180425308e-01 8.470000946323754665e-01 5.603453973852665637e-01 3.379630550783271209e-02
3.500000000000000000e+02 4.302646097431929162e-01 1.092262351858945824e+00 3.526867300583690357e-01 4.499657847523106519e-02
3.625000000000000000e+02 4.004866429924337501e-01 1.249912848819034306e+00 2.595219664081341859e-01 1.061000653787158576e-02
3.750000000000000000e+02 3.447755633248233975e-01 1.388517197858260444e+00 1.904616420796126641e-01 3.286555080791354888e-02
3.812500000000000000e+02 3.106789812935343842e-01 1.472771538929826152e+00 1.617603362948387691e-01 2.311554131459465228e-03
3.875000000000000000e+02 2.831510817230548094e-01 1.558106897272849345e+00 1.431776513950028806e-01 3.234198746466923190e-03
3.937500000000000000e+02 2.639193777143246100e-01 1.642506634985367864e+00 1.315198061132472895e-01 1.925794899293473139e-02
3.968750000000000000e+02 2.557607035796434780e-01 1.686052887269551714e+00 1.250492032548686239e-01 2.381710498543150871e-04
4.000000000000000000e+02 2.482484728879637559e-01 1.730124461516791445e+00 1.272805651202941202e-01 4.042590401514062348e-02
4.125000000000000000e+02 2.312820757511346303e-01 1.873126332874289091e+00 1.068341720973721015e-01 1.771012953364906311e-03
4.250000000000000000e+02 2.092667470613693292e-01 2.012011570321843745e+00 1.047271767989419455e-01 4.472994512755795737e-02
4.500000000000000000e+02 1.808922986832370017e-01 2.284069886166028684e+00 7.015587201254527838e-02 1.312431958101115299e-02
4.750000000000000000e+02 1.859206487806053243e-01 2.532869126151794159e+00 4.885068706232850722e-02 7.688613434102395047e-03
5.000000000000000000e+02 1.879799835264953090e-01 2.752440193858207262e+00 5.898422022248935720e-02 4.837478439689035792e-02
5.500000000000000000e+02 1.785987763231173808e-01 3.160316253215861515e+00 3.142525580192265244e-02 6.557896762302845538e-03
6.000000000000000000e+02 1.473090096574993235e-01 3.566829518324061699e+00 7.532012429870457715e-02 4.293745039032911825e-02
6.250000000000000000e+02 1.412764477623737747e-01 3.792448214826328545e+00 8.153254933849450603e-02 6.353404415496199942e-03
6.500000000000000000e+02 1.561084938159117697e-01 4.011355527992622072e+00 9.975358910748878538e-02 2.809798039086570248e-02
6.625000000000000000e+02 1.702426741094637264e-01 4.116938161859253320e+00 1.004218439222184928e-01 1.162779677382295290e-03
6.750000000000000000e+02 1.857624676451339052e-01 4.217760051297875457e+00 1.064181855849466590e-01 2.270045221004814151e-02
7.000000000000000000e+02 2.114844846508677212e-01 4.401800457612063511e+00 1.123035932173551826e-01 2.681913421365789141e-02
7.125000000000000000e+02 2.237967920340004080e-01 4.493126884839805157e+00 1.112218360675844564e-01 9.224854442618142004e-04
7.250000000000000000e+02 2.339892105732469252e-01 4.583411270444307739e+00 1.160451098396558384e-01 2.406675195072328910e-02
7.500000000000000000e+02 2.472022486886207016e-01 4.758331836151473482e+00 1.181977863715632932e-01 7.958791065377937655e-04
7.750000000000000000e+02 2.582795969103233724e-01 4.935202727650791488e+00 1.229104244399489704e-01 1.175464626581881628e-03
8.000000000000000000e+02 2.670937004436057527e-01 5.110666763568651128e+00 1.301741368966315704e-01 2.719494333977642841e-02
8.125000000000000000e+02 2.735935918442938819e-01 5.201511868854489684e+00 1.292849140597495394e-01 7.650978570577607091e-05
8.250000000000000000e+02 2.802727832491360149e-01 5.292361516149688860e+00 1.340916036340861761e-01 2.809780708221729789e-02
8.500000000000000000e+02 2.887635032247751754e-01 5.466728643895828910e+00 1.344182355042475574e-01 7.400582913887241657e-04
8.750000000000000000e+02 2.980691113234960055e-01 5.642461526820931716e+00 1.372440239613428314e-01 1.941733889783417693e-03
9.000000000000000000e+02 3.049648753981664129e-01 5.815296031104402630e+00 1.431695823254013344e-01 3.138479518786306544e-02
9.125000000000000000e+02 3.113889535165611511e-01 5.906075673009621774e+00 1.407922780450273359e-01 1.508669228171504828e-04
9.250000000000000000e+02 3.178065708460009464e-01 5.997254533806708032e+00 1.455534545539330926e-01 3.281243404803575042e-02
9.500000000000000000e+02 3.230526253999196906e-01 6.170969802257322279e+00 1.437023180280971868e-01 2.928074226429667570e-04
9.750000000000000000e+02 3.282933096879304680e-01 6.345395540220142294e+00 1.494093947505162057e-01 3.546692832290347652e-02
9.875000000000000000e+02 3.352800394444902521e-01 6.438251734793320580e+00 1.457588996091015443e-01 5.570628213299882309e-03
1.000000000000000000e+03 3.371489629610912031e-01 6.523955759737655846e+00 1.516220165310062651e-01 4.063414256811378328e-02
