3.000000000000000000e+02 1.458570610354664954e+00 7.320761274702347610e-01 7.776203724358390357e-01 2.779145642823996343e-02
3.031250000000000000e+02 1.421892559456743310e+00 6.505331465720574080e-01 8.380165140716457906e-01 1.519164960448617964e-02
3.062500000000000000e+02 1.382411396014712635e+00 5.663173693105385542e-01 8.978232778306209916e-01 1.001635313133354688e-02
3.093750000000000000e+02 1.339994077217733226e+00 4.880054817982653059e-01 9.374311218326500939e-01 1.162279202258569184e-02
3.125000000000000000e+02 1.287984652692981236e+00 4.242262689128604713e-01 9.371309986465422570e-01 6.198209670931388582e-02
3.156250000000000000e+02 1.202672297513359023e+00 3.837905595570649808e-01 9.127926337299698822e-01 1.671494063652523565e-01
3.187500000000000000e+02 1.037613990798568642e+00 3.799277237197511981e-01 9.793941909927005307e-01 2.754416668713911553e-01
3.218750000000000000e+02 7.657825373342257436e-01 4.338470628132846674e-01 1.145134733959607187e+00 8.697715422005512786e-02
3.250000000000000000e+02 5.862726006198987205e-01 5.061171374984565485e-01 1.119354787196923384e+00 4.602305289434555080e-02
3.312500000000000000e+02 4.622347652653628902e-01 6.674421954939884216e-01 8.380417726198898798e-01 2.981928452105336511e-02
3.375000000000000000e+02 4.308678067708111570e-01 8.524661902908315936e-01 5.587780355577234292e-01 3.363338176065049784e-02
3.500000000000000000e+02 4.290288120860428767e-01 1.098365385821375995e+00 3.569787225596064983e-01 4.529418323154590226e-02
3.625000000000000000e+02 3.995209338976770663e-01 1.256303604504607874e+00 2.657652421172946311e-01 1.065919578564824589e-02
3.750000000000000000e+02 3.440325109641138579e-01 1.395084351456152394e+00 1.966447367066905261e-01 3.292904078035427395e-02
3.812500000000000000e+02 3.100667268473735194e-01 1.479390518137310373e+00 1.676745890476097345e-01 2.316692453999674196e-03
3.875000000000000000e+02 2.826680426573997540e-01 1.564748960490969454e+00 1.489490370540294262e-01 3.230653104590887163e-03
3.937500000000000000e+02 2.635473165399120909e-01 1.649166625120136231e+00 1.374070729798815560e-01 1.925569916549789429e-02
3.968750000000000000e+02 2.554363451308837019e-01 1.692726477948174324e+00 1.311529553717979413e-01 2.385061413447629708e-04
4.000000000000000000e+02 2.479652639058886332e-01 1.736818561994031285e+00 1.332443570742563310e-01 4.046160789076582581e-02
4.125000000000000000e+02 2.311158369142687075e-01 1.879900663047525899e+00 1.135232648345947948e-01 1.774117399276791502e-03
4.250000000000000000e+02 2.091664837365691809e-01 2.018914691102361214e+00 1.107762772064978529e-01 4.483570413589572229e-02
4.500000000000000000e+02 1.808755010026586452e-01 2.291284338591901726e+00 7.539233641734642555e-02 1.313101681787918508e-02
4.750000000000000000e+02 1.859751033450141033e-01 2.540441863866287786e+00 5.245424640420884993e-02 7.697928075476530123e-03
5.000000000000000000e+02 1.880779910081342432e-01 2.760381080897968964e+00 5.969912588449538537e-02 4.854907840912163486e-02
5.500000000000000000e+02 1.787335477193125743e-01 3.168976291054756977e+00 2.250911369153154803e-02 6.588970212812759152e-03
6.000000000000000000e+02 1.474171388194417676e-01 3.576264142381392119e+00 6.845826442361012398e-02 4.309925927286632069e-02
6.250000000000000000e+02 1.413848026756643061e-01 3.802345586513109055e+00 7.356877526339340723e-02 6.378248613963728372e-03
6.500000000000000000e+02 1.562530892211211053e-01 4.021693725164818822e+00 9.275668813639359467e-02 2.821144100019867818e-02
6.625000000000000000e+02 1.704238300622151758e-01 4.127500687039620253e+00 9.336346448851971791e-02 1.167701320194697084e-03
6.750000000000000000e+02 1.859841655693848517e-01 4.228537260193284908e+00 9.981720851511262371e-02 2.279142251889970314e-02
7.000000000000000000e+02 2.117621665665759823e-01 4.412947525372697299e+00 1.062149295017912054e-01 2.692654842399016743e-02
7.125000000000000000e+02 2.241095035971132632e-01 4.504471886737573705e+00 1.051238316549922835e-01 9.261808079540415333e-04
7.250000000000000000e+02 2.343322549862693893e-01 4.594952977261626437e+00 1.102984344111668791e-01 2.416681111304348761e-02
7.500000000000000000e+02 2.475782191247239972e-01 4.770236452734395449e+00 1.126479318434992216e-01 7.989977577407683185e-04
7.750000000000000000e+02 2.586867474660466959e-01 4.947483116243436285e+00 1.176785755680107293e-01 1.183169499581491384e-03
8.000000000000000000e+02 2.675225889227331177e-01 5.123314654601661466e+00 1.253708136066583323e-01 2.730690748400548679e-02
8.125000000000000000e+02 2.740462685851228763e-01 5.214364162772578304e+00 1.244815424622664340e-01 7.801740717496217213e-05
8.250000000000000000e+02 2.807502443015185700e-01 5.305419421011015046e+00 1.295534679591691940e-01 2.821556911612988980e-02
8.500000000000000000e+02 2.892608439493463690e-01 5.480154821140560628e+00 1.299974770317958161e-01 7.485322270875979615e-04
8.750000000000000000e+02 2.985917243876066163e-01 5.656267920931413506e+00 1.330564583328206762e-01 1.954504291605731019e-03
9.000000000000000000e+02 3.055019055081839574e-01 5.829468325151732522e+00 1.393266478628132354e-01 3.151197710366365062e-02
9.125000000000000000e+02 3.119525477389399337e-01 5.920458962947493298e+00 1.369239859185814590e-01 1.531256196033877165e-04
9.250000000000000000e+02 3.183972514021368161e-01 6.011850983079616739e+00 1.419157225575561065e-01 3.294708075130600017e-02
9.500000000000000000e+02 3.236514618895764972e-01 6.185934601244443165e+00 1.401254021479307610e-01 2.936525622522950015e-04
9.750000000000000000e+02 3.288980522935550654e-01 6.360728907604528359e+00 1.461493594119613881e-01 3.561046731976393043e-02
9.875000000000000000e+02 3.359099085466725199e-01 6.453801486061156112e+00 1.424562378629489756e-01 5.616623938542878239e-03
1.000000000000000000e+03 3.377748002432467422e-01 6.539679396825893498e+00 1.485697149997625699e-01 4.080989955039089623e-02
