3.000000000000000000e+02 1.467212508812174576e+00 7.544674134344451222e-01 8.058054371194250942e-01 5.107123907076967229e-02
3.062500000000000000e+02 1.389398694846077476e+00 5.874683109408286308e-01 9.228539332317783339e-01 2.681364511742365814e-02
3.093750000000000000e+02 1.343545499845225422e+00 5.058951654256103048e-01 9.609991022031767471e-01 1.617508540961517041e-02
3.125000000000000000e+02 1.288546446519993838e+00 4.406704051686723411e-01 9.596880569005646899e-01 6.835920040412028775e-02
3.156250000000000000e+02 1.198084635218614302e+00 4.002455440069659365e-01 9.343277872968289710e-01 1.770630507874629833e-01
3.187500000000000000e+02 1.026336684403707178e+00 3.988606150439897857e-01 9.942244618137532353e-01 2.755882119238244332e-01
3.218750000000000000e+02 7.563347471335946093e-01 4.569625171720969603e-01 1.134092798292179349e+00 7.964008241420152123e-02
3.250000000000000000e+02 5.758134523147637740e-01 5.357785817794747940e-01 1.097981028846756635e+00 4.967603701239644426e-02
3.312500000000000000e+02 4.464155107679306789e-01 7.083307469464099615e-01 8.150500108205994687e-01 3.326948150687810551e-02
3.375000000000000000e+02 4.147635172768524003e-01 9.038826846924321590e-01 5.693480976748027667e-01 3.174716852513312371e-02
3.500000000000000000e+02 4.186601193813233590e-01 1.154950036957925086e+00 4.239714239154895870e-01 4.778217141129590534e-02
3.625000000000000000e+02 3.917318632880504303e-01 1.315170138751916351e+00 3.533515751143827544e-01 1.110666373993292148e-02
3.750000000000000000e+02 3.382102708848803707e-01 1.455430744475645133e+00 2.959027508628435110e-01 3.345796037962416730e-02
3.812500000000000000e+02 3.053139807887393919e-01 1.540235350205575005e+00 2.714973383045349298e-01 2.352244229642217865e-03
3.875000000000000000e+02 2.789511991057118667e-01 1.625864363088273423e+00 2.550466884504403731e-01 3.206431267817081918e-03
3.937500000000000000e+02 2.607206549338677570e-01 1.710510768910798785e+00 2.440218772724689344e-01 1.930109270926163093e-02
3.968750000000000000e+02 2.529879793812689348e-01 1.754238078482185825e+00 2.385216404315022853e-01 2.482513759452544791e-04
4.000000000000000000e+02 2.458406423956108477e-01 1.798565139231515619e+00 2.378047779987173260e-01 4.091165339156939418e-02
4.125000000000000000e+02 2.299444856666891246e-01 1.942476023790457029e+00 2.192296320930344211e-01 1.819220030604792003e-03
4.250000000000000000e+02 2.085145011970947759e-01 2.082768162573888304e+00 2.094298719941086739e-01 4.591856193914121281e-02
4.500000000000000000e+02 1.809010731559629326e-01 2.358124945534315842e+00 1.703748475959609987e-01 1.323234546888926028e-02
4.750000000000000000e+02 1.866164209443743338e-01 2.610680107199865319e+00 1.400509980843148150e-01 7.801572016044261079e-03
5.000000000000000000e+02 1.890967332470524231e-01 2.834094123905540830e+00 1.261537493693552781e-01 5.027705925788935465e-02
5.500000000000000000e+02 1.800799370187294579e-01 3.249468150350189433e+00 7.129019030430369663e-02 6.682043693239720326e-03
6.000000000000000000e+02 1.492744938485519313e-01 3.667105151124569140e+00 3.494660710239690105e-02 1.516360531835148594e-02
6.500000000000000000e+02 1.577666695109603279e-01 4.116032972603429485e+00 6.808540496452104851e-02 5.866559636387658205e-02
6.750000000000000000e+02 1.869485172087050895e-01 4.326831692022791387e+00 4.524549784243552669e-02 6.637797009053925112e-03
7.000000000000000000e+02 2.142939009764105729e-01 4.516533046449954902e+00 6.031279918455289407e-02 2.921035230147015285e-02
7.125000000000000000e+02 2.270043178085042190e-01 4.609940789085307244e+00 5.639088677803993227e-02 1.694931309554189788e-03
7.250000000000000000e+02 2.375294307862216292e-01 4.702271922861306130e+00 6.489624835159892025e-02 2.468436574028273767e-02
7.500000000000000000e+02 2.513111811135923523e-01 4.881029851228874783e+00 6.726311410093685494e-02 1.523034242628199366e-03
7.750000000000000000e+02 2.624985033246445831e-01 5.061703467472765894e+00 7.436638931895389604e-02 1.416310489469744952e-03
8.000000000000000000e+02 2.714821495695659559e-01 5.240916778347645355e+00 8.608483197658067798e-02 2.902552687111071769e-02
8.125000000000000000e+02 2.782067549505062853e-01 5.333859839264006197e+00 8.414910659817186056e-02 8.523784426973661683e-04
8.250000000000000000e+02 2.851321585655590685e-01 5.426828506754732828e+00 9.159988927017446991e-02 2.845630823160574460e-02
8.500000000000000000e+02 2.939092109741666681e-01 5.605055999834386959e+00 9.248293306982832696e-02 7.175553460694820279e-04
8.750000000000000000e+02 3.034829735570340747e-01 5.784717223190216195e+00 9.732613146902791001e-02 2.097209001866047733e-03
9.000000000000000000e+02 3.105237953256344552e-01 5.961321056235512117e+00 1.068142519305081417e-01 3.274757643508208194e-02
9.125000000000000000e+02 3.172253427798825687e-01 6.054284258414905473e+00 1.036850964326790636e-01 1.684136404275114664e-04
9.250000000000000000e+02 3.239256466929362199e-01 6.147669002843932695e+00 1.110033176159320456e-01 3.423704694238131202e-02
9.500000000000000000e+02 3.292506530564865974e-01 6.325176966661118172e+00 1.092141884513511685e-01 2.970902635409201692e-04
9.750000000000000000e+02 3.345466467566935442e-01 6.503396502211892916e+00 1.182551411180785411e-01 3.699220750669864749e-02
9.875000000000000000e+02 3.417938577752360763e-01 6.598490152162758804e+00 1.137962674228000653e-01 6.060920773145499901e-03
1.000000000000000000e+03 3.436170522202066646e-01 6.685980374382718416e+00 1.224652257151832568e-01 4.249510841529920147e-02
