3.000000000000000000e+02 1.429463561180727593e+00 6.817074177098532139e-01 7.086250027901569437e-01 4.230698106008604076e-02
3.062500000000000000e+02 1.365963084286886176e+00 5.254729039210555008e-01 8.333723194471303053e-01 2.228628765606358725e-02
3.093750000000000000e+02 1.329547885095120563e+00 4.499385724164503553e-01 8.756302970476397274e-01 9.631482711501519398e-03
3.125000000000000000e+02 1.284252908611295263e+00 3.893460086014135513e-01 8.784929411154526191e-01 5.452063996459872303e-02
3.156250000000000000e+02 1.208723924708345221e+00 3.496574632024330165e-01 8.587149398065896388e-01 1.526483131203131838e-01
3.187500000000000000e+02 1.058400793406246265e+00 3.412141423743406676e-01 9.425087760906759593e-01 2.727484905360104683e-01
3.218750000000000000e+02 7.880560641403330235e-01 3.844753477290044352e-01 1.174392954860669303e+00 9.324872967324342177e-02
3.250000000000000000e+02 6.095296124608775568e-01 4.425262384241293590e-01 1.185453290901815615e+00 4.030964088043673121e-02
3.312500000000000000e+02 4.963759590005437650e-01 5.800815920063395748e-01 9.559093382713693687e-01 2.498459024098731093e-02
3.375000000000000000e+02 4.688782328973807867e-01 7.419224648027862301e-01 6.753265748259761336e-01 3.420396930697217758e-02
3.500000000000000000e+02 4.589894249639107637e-01 9.712911538410400336e-01 4.148232254072752312e-01 3.830905870324821660e-02
3.625000000000000000e+02 4.252859872020555154e-01 1.120771922775097851e+00 3.463836788519716325e-01 9.696572369500697924e-03
3.750000000000000000e+02 3.654431707843048827e-01 1.254543750440263450e+00 3.661369090381677016e-01 3.072257969000771749e-02
3.812500000000000000e+02 3.282116069767876954e-01 1.337648402364783662e+00 3.791118264871272125e-01 2.089271065554027668e-03
3.875000000000000000e+02 2.972365445130753514e-01 1.422772168202458776e+00 3.817272120040170469e-01 3.317791846826377740e-03
3.937500000000000000e+02 2.749583189625733337e-01 1.507143657183252827e+00 3.728947116150824193e-01 1.953341047595123087e-02
3.968750000000000000e+02 2.654667951482416743e-01 1.550613633824797777e+00 3.652279920378066480e-01 2.571222510110888495e-04
4.000000000000000000e+02 2.567932098775428384e-01 1.594473598502152756e+00 3.598042032281901781e-01 4.001477566227918531e-02
4.125000000000000000e+02 2.366777597653288712e-01 1.736320811693783162e+00 3.297295158104513457e-01 1.790128621046472484e-03
4.250000000000000000e+02 2.128022525718878677e-01 1.873019360955747059e+00 3.148094120258274620e-01 4.277695455583647999e-02
4.500000000000000000e+02 1.821817255494501409e-01 2.139371828962126632e+00 2.886367753809243597e-01 1.312061419111345759e-02
4.750000000000000000e+02 1.855344492244829502e-01 2.381365721299312899e+00 2.670775137551130163e-01 7.548980867134444384e-03
5.000000000000000000e+02 1.865930741172740770e-01 2.593793169908164220e+00 2.576345815273862194e-01 4.436374089553178635e-02
5.500000000000000000e+02 1.766733067981025862e-01 2.985039359122610314e+00 2.500173787474655462e-01 4.630500098156245525e-02
5.750000000000000000e+02 1.637434458597937514e-01 3.177849057409613209e+00 2.481767870900673800e-01 2.129397787514691887e-02
5.875000000000000000e+02 1.540952441347074597e-01 3.278067403853759387e+00 2.500635016458584436e-01 1.041988001161889797e-03
6.000000000000000000e+02 1.455272297443281626e-01 3.382505818151582577e+00 2.549399332458761602e-01 2.492722651011069004e-02
6.250000000000000000e+02 1.394064756594032284e-01 3.595489444191121819e+00 2.601827093451204997e-01 6.134793907344198403e-03
6.500000000000000000e+02 1.541726563521308158e-01 3.806950570493100372e+00 2.612743604421164934e-01 4.771673345787035871e-03
6.750000000000000000e+02 1.807236049684202706e-01 4.001872532944817706e+00 2.572762206280814201e-01 4.243954818684798208e-03
7.000000000000000000e+02 2.061361676320423442e-01 4.180064662805833109e+00 2.529772086238711859e-01 2.518711932553499566e-02
7.125000000000000000e+02 2.177822592421615189e-01 4.267511517799927212e+00 2.491750564821312297e-01 9.124509396616031732e-04
7.250000000000000000e+02 2.273330552272544436e-01 4.353880971347519058e+00 2.480320332545022655e-01 2.159604238106324625e-02
7.500000000000000000e+02 2.389666071638447131e-01 4.520078470288369843e+00 2.447977628417470908e-01 2.302304943071608462e-02
7.625000000000000000e+02 2.454313312846944095e-01 4.606310356083604951e+00 2.423494123463580951e-01 1.390578207209987240e-04
7.750000000000000000e+02 2.514928819725762987e-01 4.692787629928157678e+00 2.422317964147425173e-01 2.339751341127906115e-02
8.000000000000000000e+02 2.588006330071002670e-01 4.859309373598720505e+00 2.399760582434588840e-01 2.432305056357453657e-02
8.125000000000000000e+02 2.647728734861722333e-01 4.946070475439316994e+00 2.375274134878795351e-01 9.403033996590760423e-05
8.250000000000000000e+02 2.709624605812765985e-01 5.032859095150180373e+00 2.376881156868385081e-01 2.582581522467146048e-02
8.500000000000000000e+02 2.790434824844743589e-01 5.199921488211057152e+00 2.337628089688439381e-01 6.019391916384581520e-04
8.750000000000000000e+02 2.878362250300421366e-01 5.368119412996840367e+00 2.311747118073190499e-01 1.682182801521231496e-03
9.000000000000000000e+02 2.944302946261935783e-01 5.533691647325287732e+00 2.304040504289899260e-01 2.889285704314529385e-02
9.125000000000000000e+02 3.003368190258702830e-01 5.620306661989545205e+00 2.273040770967579283e-01 1.291250750214464199e-04
9.250000000000000000e+02 3.062271852686425655e-01 5.707278875481724967e+00 2.280156279788285723e-01 3.021966494206206055e-02
9.500000000000000000e+02 3.112912069342823607e-01 5.873676611110025370e+00 2.234664262186649986e-01 2.942836166755565951e-04
9.750000000000000000e+02 3.163910146327174600e-01 6.040775798981325551e+00 2.230990368605077490e-01 3.267038697902182459e-02
9.875000000000000000e+02 3.228802032532434585e-01 6.129353152150414985e+00 2.192467980298566654e-01 4.712014816776220923e-03
1.000000000000000000e+03 3.248112311130877394e-01 6.211590505549555274e+00 2.208112534586295361e-01 3.724650162726986236e-02
