3.000000000000000000e+02 1.516981746592420688e+00 9.048326397037518287e-01 9.309638827280320994e-01 9.362548035280859882e-02
3.062500000000000000e+02 1.386256540384798841e+00 7.281148601113019980e-01 1.038723468361205882e+00 1.216987926276617143e-01
3.125000000000000000e+02 1.200446070642400276e+00 5.838465421631280350e-01 1.098477751420430248e+00 3.026013636671383567e-01
3.187500000000000000e+02 9.030830027995694342e-01 5.575819019621719441e-01 1.095556658649103676e+00 3.223270821171749789e-01
3.250000000000000000e+02 5.259130761396967335e-01 7.390508561765877227e-01 1.128485783565371436e+00 1.876277782303618913e-01
3.375000000000000000e+02 3.775861026371690743e-01 1.180614316147919451e+00 1.178554983873873807e+00 1.742721608068515116e-01
3.500000000000000000e+02 3.868814309153560949e-01 1.486756570645549669e+00 1.039634053099500965e+00 3.870948838277134263e-02
3.750000000000000000e+02 3.237838643107168735e-01 1.800175738592862285e+00 9.563876187219741976e-01 3.941696977046823397e-02
4.000000000000000000e+02 2.382857717100565209e-01 2.174419149431071840e+00 9.218685958592429674e-01 2.937508816025657943e-01
5.000000000000000000e+02 1.994587442435907243e-01 3.258238522947786375e+00 5.870391446725098383e-01 4.689453145047700611e-02
6.000000000000000000e+02 1.596339115102268225e-01 4.184974191594882598e+00 4.088356880720537823e-01 4.101332365612449932e-02
7.000000000000000000e+02 2.311695333916953532e-01 5.128984456165429862e+00 2.682040378858885910e-01 4.363457930740970159e-02
8.000000000000000000e+02 2.962119855019720860e-01 5.939595942138748974e+00 1.825184667024868368e-01 2.063218173517070153e-02
9.000000000000000000e+02 3.304126002308070409e-01 6.729151150442252316e+00 2.100259595217362218e-01 1.696646339410363413e-01
9.500000000000000000e+02 3.592301865797450366e-01 7.147823194669180147e+00 1.057906673610198162e-01 3.044212079404343824e-02
1.000000000000000000e+03 3.617028511653829770e-01 7.532719821448206510e+00 2.307186306055673541e-01 2.131102476176880978e-01
