3.000000000000000000e+02 1.458964775665867020e+00 7.410977115346435440e-01 7.865955650597601378e-01 2.445158392502370590e-02
3.031250000000000000e+02 1.421339768743870913e+00 6.589742615532417913e-01 8.466087487632901754e-01 5.655145914610069414e-03
3.062500000000000000e+02 1.381457345688414717e+00 5.738612367725309804e-01 9.060924380171377912e-01 2.444319384365286479e-03
3.093750000000000000e+02 1.338773388744637582e+00 4.946246909382936985e-01 9.454751644501790953e-01 1.900550032763085456e-02
3.125000000000000000e+02 1.286527321373382327e+00 4.300865828585192507e-01 9.450106554125217162e-01 6.810706571730353043e-02
3.156250000000000000e+02 1.200224735016646838e+00 3.894102803776897659e-01 9.204231277718016857e-01 1.725024380541842206e-01
3.187500000000000000e+02 1.034491609296861681e+00 3.858682231483842040e-01 9.841213448746685133e-01 2.750257745243786522e-01
3.218750000000000000e+02 7.639722618129343168e-01 4.409483298303039644e-01 1.141782464593118940e+00 9.123146786189333113e-02
3.250000000000000000e+02 5.829922343144527952e-01 5.157761119223678303e-01 1.111795024401553755e+00 4.821349729340079077e-02
3.312500000000000000e+02 4.570941305478998240e-01 6.808400494362154554e-01 8.280122697270235754e-01 3.151087793138254017e-02
3.375000000000000000e+02 4.254152109342086985e-01 8.693348339959182658e-01 5.572360325364578149e-01 3.411934148178597664e-02
3.500000000000000000e+02 4.253052512101243021e-01 1.117072836948545866e+00 3.737970335919840181e-01 4.505478010238108538e-02
3.625000000000000000e+02 3.966238022284850340e-01 1.275848299027274813e+00 2.893992722805922568e-01 1.066471223179991240e-02
3.750000000000000000e+02 3.418150641360711006e-01 1.415133428123763970e+00 2.223565026915475251e-01 3.156802967900078360e-02
3.812500000000000000e+02 3.082463499694452769e-01 1.499573514397715579e+00 1.943419761474370899e-01 1.999975878449505168e-03
3.875000000000000000e+02 2.812341194153098467e-01 1.584983753663781192e+00 1.761014448611512295e-01 2.473145916406626742e-03
3.937500000000000000e+02 2.623817977185964878e-01 1.669469791831054373e+00 1.648574625167854302e-01 1.776636011559458439e-02
3.968750000000000000e+02 2.544138495253052690e-01 1.713062969769983290e+00 1.593374510110991682e-01 1.579080072146506501e-03
4.000000000000000000e+02 2.470646337798430292e-01 1.757207349183102840e+00 1.609319997771777588e-01 4.179940659542128595e-02
4.125000000000000000e+02 2.305882171622466448e-01 1.900512124609719411e+00 1.424574438758952066e-01 2.230286281100811192e-03
4.250000000000000000e+02 2.088394220471203877e-01 2.039903803240779467e+00 1.376445569988053452e-01 4.587119986647683612e-02
4.500000000000000000e+02 1.808235962550877596e-01 2.313207729434790139e+00 1.009527814701097204e-01 1.267370139011988334e-02
4.750000000000000000e+02 1.861432932241993132e-01 2.563451396335108878e+00 7.534228300964834757e-02 7.449849277916180228e-03
5.000000000000000000e+02 1.883671264567657044e-01 2.784509272718767470e+00 7.350510765440117222e-02 4.931903490618014252e-02
5.500000000000000000e+02 1.791518462912627396e-01 3.195290565291123208e+00 1.618467512379624662e-02 6.698407673791042898e-03
6.000000000000000000e+02 1.477549991357124670e-01 3.604933748953395245e+00 5.180463998764191919e-02 4.352135235939966901e-02
6.250000000000000000e+02 1.417185565605555975e-01 3.832421997631043631e+00 5.060352983747370970e-02 6.412539764352536212e-03
6.500000000000000000e+02 1.566940220668542605e-01 4.053109919866204613e+00 7.286254697671300240e-02 2.854519350556313645e-02
6.625000000000000000e+02 1.709698839517187485e-01 4.159597727359311214e+00 7.286443084586805008e-02 1.158458990322651372e-03
6.750000000000000000e+02 1.866462746365692982e-01 4.261285137999245798e+00 8.077949977750166488e-02 2.297998925248019922e-02
7.000000000000000000e+02 2.125909830657830568e-01 4.446818945486720409e+00 8.869457110999211247e-02 2.736932965561337389e-02
7.125000000000000000e+02 2.250338281556859832e-01 4.538938788641019073e+00 8.734843506987625961e-02 1.289442760078129795e-03
7.250000000000000000e+02 2.353366904816045768e-01 4.630011219032777348e+00 9.356502421171819517e-02 2.417509802755848924e-02
7.500000000000000000e+02 2.486726282617999495e-01 4.806390624433952929e+00 9.642195444266581095e-02 1.216390719662283895e-03
7.750000000000000000e+02 2.598597774468064392e-01 4.984768295943302618e+00 1.023585350987116782e-01 1.939139137278313163e-03
8.000000000000000000e+02 2.687500464857150995e-01 5.161707382450131831e+00 1.115054669217525191e-01 2.829986399434723798e-02
8.125000000000000000e+02 2.753241751178692187e-01 5.253363645460298770e+00 1.103705151911142240e-01 9.603964000183224737e-04
8.250000000000000000e+02 2.820782163953128863e-01 5.345026412646075364e+00 1.160254411551457920e-01 2.755372697526342965e-02
8.500000000000000000e+02 2.906319064729244728e-01 5.520866095247523475e+00 1.169754549079881634e-01 6.487000918169985499e-04
8.750000000000000000e+02 3.000109514469539440e-01 5.698111017267066813e+00 1.207431787761265446e-01 3.609469873442235771e-03
9.000000000000000000e+02 3.069456781632018960e-01 5.872405102970723156e+00 1.284147603862235976e-01 3.341441531117535918e-02
9.125000000000000000e+02 3.134348076108113279e-01 5.964004262758503039e+00 1.255090980223025621e-01 1.943235020752322574e-03
9.250000000000000000e+02 3.199133029938919237e-01 6.056005511556988630e+00 1.306859032598541026e-01 3.123211759568105331e-02
9.500000000000000000e+02 3.251521926666537388e-01 6.231172690105198697e+00 1.295628904401738557e-01 2.453556558979917875e-03
9.750000000000000000e+02 3.301345509753482732e-01 6.406935704600464909e+00 1.375663789797297309e-01 3.975790878931467071e-02
9.875000000000000000e+02 3.374082339252472695e-01 6.500730209121202918e+00 1.328569265682253142e-01 9.080535470898373068e-03
1.000000000000000000e+03 3.389892301839300126e-01 6.586995300105686901e+00 1.409099236916017128e-01 4.563713120101142717e-02
