3.000000000000000000e+02 1.449736915437587426e+00 7.289374860449113758e-01 7.731021440146553791e-01 4.764895322626301610e-02
3.062500000000000000e+02 1.376609660048647044e+00 5.657567577522012447e-01 8.930420932816990343e-01 2.357814505996192606e-02
3.093750000000000000e+02 1.334634261044409964e+00 4.860748587539741594e-01 9.328280730268238008e-01 2.237425013991787073e-02
3.125000000000000000e+02 1.285170232450375538e+00 4.218189878551520944e-01 9.329816522374818621e-01 6.731510794036775491e-02
3.156250000000000000e+02 1.202577408049873231e+00 3.809133179614483389e-01 9.088107106294133208e-01 1.672666446098561299e-01
3.187500000000000000e+02 1.039734155846551378e+00 3.763773869850560727e-01 9.763829310131227901e-01 2.752052183713475930e-01
3.218750000000000000e+02 7.686695456988789088e-01 4.291581674836836280e-01 1.147763482692804926e+00 9.316034639416548302e-02
3.250000000000000000e+02 5.883657852030471647e-01 5.004515572620071850e-01 1.124121021424514533e+00 4.554136906177579103e-02
3.312500000000000000e+02 4.652765979895783222e-01 6.596855146725635333e-01 8.450314841455968118e-01 2.943944226908517398e-02
3.375000000000000000e+02 4.340914725894621240e-01 8.426710859845232271e-01 5.619513755361860152e-01 3.396899877406107937e-02
3.500000000000000000e+02 4.312509329940759639e-01 1.087432056069495445e+00 3.497409780467742313e-01 4.458513336794523579e-02
3.625000000000000000e+02 4.012545201733239142e-01 1.244852489796792305e+00 2.551851082596661713e-01 1.053544372849080611e-02
3.750000000000000000e+02 3.453604239620351457e-01 1.383320514331002116e+00 1.865113060067071227e-01 3.249098376877105482e-02
3.812500000000000000e+02 3.111625265670523999e-01 1.467524279482093963e+00 1.583363576704128473e-01 2.153049662307917906e-03
3.875000000000000000e+02 2.835329722359546389e-01 1.552835804652072937e+00 1.400360242088285745e-01 3.055213269381860768e-03
3.937500000000000000e+02 2.642069188327418328e-01 1.637223543636998624e+00 1.283018853235705359e-01 1.901249513972422603e-02
3.968750000000000000e+02 2.560126391763371534e-01 1.680753633964846117e+00 1.217086915185938978e-01 3.078576693664297737e-04
4.000000000000000000e+02 2.484709740044812876e-01 1.724801454385715083e+00 1.240120045900017648e-01 4.050271528815652805e-02
4.125000000000000000e+02 2.314123199256987728e-01 1.867739507383947339e+00 1.029483372877399439e-01 1.788848542426431029e-03
4.250000000000000000e+02 2.093469865828135323e-01 2.006516370843880015e+00 1.012671962950520699e-01 4.465983140159542064e-02
4.500000000000000000e+02 1.809054264482080621e-01 2.278329954174116434e+00 6.769273550344644119e-02 1.307022395511000731e-02
4.750000000000000000e+02 1.858784386862434579e-01 2.526843378220538838e+00 4.813168225126995825e-02 7.676267651542055190e-03
5.000000000000000000e+02 1.879172120763161480e-01 2.746074434835410916e+00 5.938560223942656452e-02 4.746950570171033779e-02
5.500000000000000000e+02 1.789058790282511691e-01 3.150517547195251566e+00 6.260273707668699561e-02 4.946312696974455164e-02
5.750000000000000000e+02 1.659076841638816024e-01 3.350590139979406690e+00 5.585569929974620179e-02 2.290930623202118779e-02
5.875000000000000000e+02 1.560631075772200282e-01 3.454739792592038228e+00 5.939261562173284853e-02 1.140806086962101867e-03
6.000000000000000000e+02 1.473285895905458998e-01 3.563344988541648828e+00 7.396810681056172065e-02 2.691300463288009634e-02
6.250000000000000000e+02 1.412278111842196204e-01 3.784653882657807777e+00 8.799181553336939132e-02 6.627205743085584980e-03
6.500000000000000000e+02 1.567835902021520456e-01 4.004629214093590406e+00 1.017789014228871608e-01 5.026593085025869365e-03
6.750000000000000000e+02 1.846221392830201535e-01 4.207492230220973184e+00 1.095530159988338109e-01 4.624485961825681828e-03
7.000000000000000000e+02 2.112228773058508202e-01 4.392899788020480756e+00 1.173714890350031348e-01 2.730472271126085232e-02
7.125000000000000000e+02 2.235428657923346774e-01 4.484100230580296831e+00 1.161480625054138183e-01 9.887132762128193319e-04
7.250000000000000000e+02 2.336624730172539022e-01 4.574186847519345456e+00 1.205671156274230743e-01 2.332155242683021240e-02
7.500000000000000000e+02 2.458197547702631325e-01 4.747086576292018023e+00 1.251820371983505542e-01 2.491605102138291089e-02
7.625000000000000000e+02 2.527274156429772378e-01 4.837085242676352870e+00 1.249215172334084828e-01 2.080157687251816070e-04
7.750000000000000000e+02 2.592149262306605029e-01 4.927361794127737227e+00 1.296040027926117222e-01 2.523193709751928721e-02
8.000000000000000000e+02 2.668202030321100149e-01 5.100664295022746764e+00 1.339057056258073086e-01 2.635846070238272859e-02
8.125000000000000000e+02 2.732245483382562123e-01 5.191284475754386563e+00 1.331573263122863837e-01 2.999132853663332110e-05
8.250000000000000000e+02 2.798750753826446669e-01 5.281963726455842334e+00 1.377248509315451841e-01 2.784966885707075568e-02
8.500000000000000000e+02 2.883461618342631483e-01 5.456036328838092864e+00 1.379787418188920811e-01 5.304110898582637887e-04
8.750000000000000000e+02 2.976251221793257962e-01 5.631462126462768225e+00 1.406200038919247219e-01 2.193064742068766455e-03
9.000000000000000000e+02 3.045040376189959708e-01 5.804002677312102065e+00 1.463186820645694108e-01 3.151780674736862770e-02
9.125000000000000000e+02 3.108955669226742824e-01 5.894604938520054738e+00 1.439056544043056107e-01 2.897014926708649436e-04
9.250000000000000000e+02 3.172724149739817867e-01 5.985598973267564737e+00 1.483827691186428432e-01 3.223360146293637735e-02
9.500000000000000000e+02 3.224480878871821554e-01 6.158978643428898891e+00 1.465814590255496153e-01 8.241006433335366444e-04
9.750000000000000000e+02 3.275606128293651054e-01 6.333005387440689304e+00 1.524643611542871591e-01 3.714692623187250409e-02
9.875000000000000000e+02 3.334615825064475847e-01 6.424118325297077270e+00 1.497953655119080574e-01 2.102025786923994791e-02
9.937500000000000000e+02 3.372838128918753675e-01 6.470731656135516374e+00 1.485898023657124811e-01 5.028512929848782780e-03
1.000000000000000000e+03 3.381425241541119453e-01 6.513419933213131507e+00 1.504707439033431959e-01 2.331936771861293708e-02
