3.000000000000000000e+02 1.453823637851892281e+00 7.373108298195185650e-01 7.835970400631633304e-01 4.949511673108016735e-02
3.062500000000000000e+02 1.379075966551211341e+00 5.729690507650301301e-01 9.025886257134010382e-01 2.420365269804155423e-02
3.093750000000000000e+02 1.336553194249773480e+00 4.923181368234822997e-01 9.419026728846905394e-01 2.214758190542736802e-02
3.125000000000000000e+02 1.285720477819584540e+00 4.276531756173743704e-01 9.416250601831044342e-01 6.865518786230613568e-02
3.156250000000000000e+02 1.200651969111885542e+00 3.869148785269961865e-01 9.171859428862153552e-01 1.714306144575935831e-01
3.187500000000000000e+02 1.034503890512899815e+00 3.835161146088447159e-01 9.826849763525700165e-01 2.771398219950371722e-01
3.218750000000000000e+02 7.637353490116806087e-01 4.379977777765995395e-01 1.142981047798913075e+00 8.408212638087597668e-02
3.250000000000000000e+02 5.844357296837501270e-01 5.113404561701410111e-01 1.115226789321701606e+00 4.722118840989890376e-02
3.312500000000000000e+02 4.594748126581034153e-01 6.746215932874626287e-01 8.323718799741826047e-01 3.067414609827382940e-02
3.375000000000000000e+02 4.275467405283643885e-01 8.624022728060909415e-01 5.577016609798799429e-01 3.923730646234434294e-02
3.500000000000000000e+02 4.216475063326317052e-01 1.118765398679877343e+00 3.648222191859018526e-01 4.095012710468710210e-02
3.750000000000000000e+02 3.442398168282607696e-01 1.401932415352400874e+00 2.161720696317430968e-01 6.326852508682979936e-02
3.875000000000000000e+02 2.843233373933184982e-01 1.571056408957444805e+00 1.678954071017677574e-01 4.428637870952714661e-02
3.937500000000000000e+02 2.622227950648242101e-01 1.661809079487743812e+00 1.495132110465395570e-01 2.413689996880223447e-03
4.000000000000000000e+02 2.460968356646750232e-01 1.751243384660036151e+00 1.605658011513274863e-01 7.691058029814955288e-02
4.250000000000000000e+02 2.103752420339192741e-01 2.026468852816985411e+00 1.153517374366321707e-01 1.882915159273226315e-03
4.500000000000000000e+02 1.809122710118623023e-01 2.302950292825237444e+00 8.798259159634727600e-02 1.437111672574790597e-02
4.750000000000000000e+02 1.860717367466694916e-01 2.552776133926989655e+00 6.318563071909205631e-02 7.828121521070567287e-03
5.000000000000000000e+02 1.882354159212700218e-01 2.773367388013496804e+00 6.572124115632586860e-02 4.950471511305046951e-02
5.500000000000000000e+02 1.790095666779551176e-01 3.183218749230430245e+00 1.209651181016293923e-02 6.176460802446898796e-03
6.000000000000000000e+02 1.503897711959725214e-01 3.600243716212678358e+00 1.144909460120102362e-01 1.075737040439329190e-01
7.000000000000000000e+02 2.120468425937881984e-01 4.430577053901154194e+00 9.919522625282943540e-02 3.524699230304968733e-02
8.000000000000000000e+02 2.631326599717419557e-01 5.137148222512566420e+00 1.625631133306220666e-01 1.151545853276901288e-01
8.500000000000000000e+02 2.890862136181585607e-01 5.501278161597244143e+00 1.232898006771996208e-01 9.447142735847119735e-03
9.000000000000000000e+02 3.039589058313686976e-01 5.849472996058961982e+00 1.447418389284118589e-01 6.484028630316851505e-02
9.250000000000000000e+02 3.164491716252617048e-01 6.032074592238418020e+00 1.320570961290387091e-01 3.625189009974323032e-03
9.500000000000000000e+02 3.245935694409168293e-01 6.210321062041745499e+00 1.343902372936034983e-01 1.984443991578861189e-04
9.750000000000000000e+02 3.322949115448865509e-01 6.389093096108187098e+00 1.364026645124511161e-01 5.556858138181098097e-03
1.000000000000000000e+03 3.349200245860448066e-01 6.560602116134251816e+00 1.604264113748381237e-01 8.213972197884285287e-02
