3.000000000000000000e+02 1.424706478777059582e+00 6.948188915344158945e-01 7.226418499602327294e-01 4.721404917928986866e-02
3.062500000000000000e+02 1.358439460855747516e+00 5.369458233632715682e-01 8.465584658873351875e-01 3.232914449300839516e-02
3.093750000000000000e+02 1.321496402121263181e+00 4.599785569389249207e-01 8.886279452256217182e-01 3.622878622921620051e-02
3.125000000000000000e+02 1.278659502919224700e+00 3.973636212872359574e-01 8.913102714194184317e-01 7.186120934867433474e-02
3.156250000000000000e+02 1.205724422959202569e+00 3.561956178201592937e-01 8.702268246055298029e-01 1.596924458747493170e-01
3.187500000000000000e+02 1.054107217434422372e+00 3.481853109749096786e-01 9.502013735265321115e-01 2.749762021345952823e-01
3.218750000000000000e+02 7.837199112802973877e-01 3.932676063428285906e-01 1.168652252330043106e+00 9.265072068303339958e-02
3.250000000000000000e+02 6.053101668168837657e-01 4.538404952035721696e-01 1.171801382435248007e+00 4.129533094548501482e-02
3.312500000000000000e+02 4.903547863813553787e-01 5.955571435144882964e-01 9.295224388988559960e-01 2.576787311595036753e-02
3.375000000000000000e+02 4.619954693137740542e-01 7.614680720293774963e-01 6.437328305156528874e-01 3.465434896363606132e-02
3.500000000000000000e+02 4.529755031772095264e-01 9.942902966110459539e-01 3.835869192507401215e-01 3.978167336417244571e-02
3.625000000000000000e+02 4.197066362031470210e-01 1.145765260708385913e+00 3.028973888216620614e-01 9.886402999544650905e-03
3.750000000000000000e+02 3.605241558546489200e-01 1.280721142833510573e+00 3.026067077407361694e-01 3.145157359951184645e-02
3.812500000000000000e+02 3.239428628535892529e-01 1.364099796752690885e+00 3.080902695447768624e-01 2.198140250081692670e-03
3.875000000000000000e+02 2.937656117587632565e-01 1.449230495267870955e+00 3.074223488830634676e-01 3.343358209900744622e-03
3.937500000000000000e+02 2.722164404471257848e-01 1.533549185389857961e+00 2.986560431365881119e-01 1.951990786509192818e-02
3.968750000000000000e+02 2.630439128861503106e-01 1.577010008777330663e+00 2.915467505472911780e-01 2.506019522004759468e-04
4.000000000000000000e+02 2.546478778606839355e-01 1.620892986058259044e+00 2.876186872407220929e-01 4.019472574707001061e-02
4.125000000000000000e+02 2.352871475204732221e-01 1.762876448484018477e+00 2.609104822242220845e-01 1.772305260829776024e-03
4.250000000000000000e+02 2.118605765660192541e-01 1.899947397644453861e+00 2.499099561617359189e-01 4.329418324301661375e-02
4.500000000000000000e+02 1.817796735036242284e-01 2.167300957160747998e+00 2.284985873056722960e-01 1.314884556741089533e-02
4.750000000000000000e+02 1.854947593776453130e-01 2.410549863728710829e+00 2.124444169999774867e-01 7.590103884336197107e-03
5.000000000000000000e+02 1.867582413564903288e-01 2.624356648730103547e+00 2.084058867165314577e-01 4.582311058558671824e-02
5.500000000000000000e+02 1.766928448316463784e-01 3.020855365943876603e+00 2.015775347731227907e-01 5.868917265464190965e-03
6.000000000000000000e+02 1.464587448730519659e-01 3.417717927212942097e+00 2.149019678252807874e-01 1.430716632581154057e-02
6.500000000000000000e+02 1.552047314635721931e-01 3.846060875490068476e+00 2.276584357689452054e-01 1.598966747660939339e-02
7.000000000000000000e+02 2.058780873454297555e-01 4.220689508314659832e+00 2.291009732685750644e-01 5.573650525145595197e-02
7.250000000000000000e+02 2.275640813795288542e-01 4.396338897348559094e+00 2.194467190275187773e-01 2.477124141319241284e-03
7.500000000000000000e+02 2.430955862581173910e-01 4.570126262293542574e+00 2.224237941518036332e-01 4.561164805709224529e-02
8.000000000000000000e+02 2.591014515563927478e-01 4.905615877355280929e+00 2.213325838506146892e-01 4.984987183389123083e-02
8.250000000000000000e+02 2.711017696868642246e-01 5.080387971517341228e+00 2.144896287997667683e-01 2.033733756052780520e-03
8.500000000000000000e+02 2.807750568615822173e-01 5.250957702614120315e+00 2.131702595570430236e-01 5.130504665372124292e-04
8.750000000000000000e+02 2.897658175364454802e-01 5.420673717422136662e+00 2.117101988774292287e-01 1.802417691516090218e-03
9.000000000000000000e+02 2.964197122355263780e-01 5.587630731073138790e+00 2.122273918866846298e-01 2.947796577698783005e-02
9.125000000000000000e+02 3.024319095092582454e-01 5.675049997227689325e+00 2.093875577203017091e-01 1.338723225928677239e-04
9.250000000000000000e+02 3.084298654604006318e-01 5.762834903326243818e+00 2.108366266548088730e-01 3.082525163809200427e-02
9.500000000000000000e+02 3.135234939995908965e-01 5.930623024815772304e+00 2.069595876548270263e-01 2.945630639067295365e-04
9.750000000000000000e+02 3.186435736733063684e-01 6.099112810482514746e+00 2.077556884962609152e-01 3.332221239175646443e-02
9.875000000000000000e+02 3.252333676940760143e-01 6.188516168628172665e+00 2.040477160653334232e-01 4.904639226713688321e-03
1.000000000000000000e+03 3.271454084463075174e-01 6.271406086393077395e+00 2.063858437920318145e-01 3.803253972340110006e-02
