3.000000000000000000e+02 1.422392306113234861e+00 6.789130835054225654e-01 7.013873082625206035e-01 4.365683520450349547e-02
3.062500000000000000e+02 1.357044059582554807e+00 5.240248593512607522e-01 8.265534676946002524e-01 2.472433701734239389e-02
3.093750000000000000e+02 1.320711891437368335e+00 4.487232207031170428e-01 8.695080604098454069e-01 3.027022388642979997e-02
3.125000000000000000e+02 1.279570313085404587e+00 3.872291787201963542e-01 8.729959722187272675e-01 6.494144180686677037e-02
3.156250000000000000e+02 1.208674818470335977e+00 3.466945524161970660e-01 8.532428532867104565e-01 1.525844501022021737e-01
3.187500000000000000e+02 1.059221104201263142e+00 3.380518073502782883e-01 9.392186359001220008e-01 2.738546844788122825e-01
3.218750000000000000e+02 7.899800456989459763e-01 3.800695972668011180e-01 1.177313437608425772e+00 9.162098629577039577e-02
3.250000000000000000e+02 6.117255892170154752e-01 4.367552761654434068e-01 1.192799771532513597e+00 4.027941437734607749e-02
3.312500000000000000e+02 4.994722797067063236e-01 5.721747850595840790e-01 9.702196381614519582e-01 2.491395082949571238e-02
3.375000000000000000e+02 4.722004698997177563e-01 7.325000974324975545e-01 6.931192979738198812e-01 3.839533731655572074e-02
3.500000000000000000e+02 4.579749574172698456e-01 9.677960282193360797e-01 4.336241842734002705e-01 3.982641612622310479e-02
3.750000000000000000e+02 3.694094130731380154e-01 1.237582936520963628e+00 4.040770631992582351e-01 5.662428979765212617e-02
3.875000000000000000e+02 3.016892538111263233e-01 1.404517580856035730e+00 4.245825210789098136e-01 4.405042224015245228e-02
3.937500000000000000e+02 2.757483223458926380e-01 1.495120709511764012e+00 4.129930575253316083e-01 2.769856442609609781e-03
4.000000000000000000e+02 2.566207606459685042e-01 1.584038497617232588e+00 4.043601047662083170e-01 7.502344170287099379e-02
4.250000000000000000e+02 2.147258339892726409e-01 1.855463330313309012e+00 3.476337493028727743e-01 3.249631231146877033e-03
4.500000000000000000e+02 1.824754531728683127e-01 2.124751051220874043e+00 3.211369730685280643e-01 1.426014795922692611e-02
4.750000000000000000e+02 1.855802424457736466e-01 2.366177253897372879e+00 2.963824859038495796e-01 7.614354751639012577e-03
5.000000000000000000e+02 1.865018205615462943e-01 2.577990343216102431e+00 2.843564769544139614e-01 4.510750575866341594e-02
5.500000000000000000e+02 1.761268523056893076e-01 2.970443472088886150e+00 2.692728278002887166e-01 5.721158577483364573e-03
6.000000000000000000e+02 1.459727141702761855e-01 3.362818050304087869e+00 2.749662150685809325e-01 1.405254440277992935e-02
6.500000000000000000e+02 1.544667813525142652e-01 3.786067841175132731e+00 2.798334203170080303e-01 1.579568271214094877e-02
7.000000000000000000e+02 2.044231156086104839e-01 4.156159373247731992e+00 2.729683268072704005e-01 5.468395784801848014e-02
7.250000000000000000e+02 2.257336793444046918e-01 4.329561998903712627e+00 2.618241522096038665e-01 2.427350190185788553e-03
7.500000000000000000e+02 2.409738245306372317e-01 4.501107928996986196e+00 2.614120295006460704e-01 4.474331312614445583e-02
8.000000000000000000e+02 2.567530741866984600e-01 4.832475255082495202e+00 2.557597710226100496e-01 4.883995632007188253e-02
8.250000000000000000e+02 2.686741513739614451e-01 5.005073068523712365e+00 2.478959984935349692e-01 1.091855002531096400e-04
8.500000000000000000e+02 2.808960605964792023e-01 5.177444366787884000e+00 2.499542123660477566e-01 5.088258798449293158e-02
9.000000000000000000e+02 2.916096368744914846e-01 5.503261911383799720e+00 2.448859176904530366e-01 5.593404381869925002e-02
9.250000000000000000e+02 3.026507044226220966e-01 5.675426711996926166e+00 2.353115371609112993e-01 2.769019504731588723e-03
9.500000000000000000e+02 3.101176710281980387e-01 5.844103428747896345e+00 2.322606890572483096e-01 1.998876867536969796e-04
9.750000000000000000e+02 3.173554677637446808e-01 6.013404337220886298e+00 2.290580952945608373e-01 4.419441968402063048e-03
1.000000000000000000e+03 3.203123061078502753e-01 6.176539064349154451e+00 2.373026189479058301e-01 7.365797724116739109e-02
