3.000000000000000000e+02 1.446841398140208623e+00 7.268473080792365870e-01 7.696396156692236756e-01 4.796362040002723898e-02
3.062500000000000000e+02 1.374334115669251677e+00 5.639182111915592710e-01 8.898444946381605103e-01 2.378194973970895743e-02
3.093750000000000000e+02 1.332930284556333334e+00 4.843235665756145392e-01 9.298445602963691936e-01 2.509699677677666718e-02
3.125000000000000000e+02 1.284086069533520114e+00 4.201275731599903307e-01 9.302343118178969528e-01 6.904102174888390731e-02
3.156250000000000000e+02 1.201863882274535333e+00 3.792867307598683513e-01 9.065461585833430869e-01 1.687466529878289545e-01
3.187500000000000000e+02 1.038501328136707702e+00 3.748901609254279288e-01 9.758128830710994794e-01 2.785879356642254612e-01
3.218750000000000000e+02 7.675275563644439192e-01 4.271456942894436559e-01 1.148504068968959402e+00 8.258135998494889329e-02
3.250000000000000000e+02 5.894772804564840651e-01 4.970526008414927754e-01 1.127209320097427803e+00 4.531377595561431743e-02
3.312500000000000000e+02 4.671444819391109005e-01 6.549229742868019066e-01 8.497791312851961099e-01 2.906621542991073490e-02
3.375000000000000000e+02 4.357603471672290563e-01 8.374224864843419214e-01 5.651009647162410499e-01 3.955801810913929517e-02
3.500000000000000000e+02 4.274818999903302608e-01 1.090646323496825776e+00 3.459446764233989335e-01 4.063427690328662995e-02
3.750000000000000000e+02 3.476190525261567688e-01 1.372140318468245912e+00 1.901986429696779224e-01 6.218833170442131936e-02
3.875000000000000000e+02 2.865742860352047949e-01 1.540771447743776168e+00 1.450634742453893455e-01 4.479689739065322029e-02
3.937500000000000000e+02 2.647532703535301901e-01 1.629538184274283541e+00 1.266148334775715756e-01 2.065951516020853723e-02
3.968750000000000000e+02 2.563417640184975088e-01 1.673328025343496117e+00 1.195939939222027820e-01 1.424011135365396393e-03
4.000000000000000000e+02 2.487409907026838229e-01 1.717370217173766367e+00 1.222622705600764914e-01 4.179644206964846370e-02
4.125000000000000000e+02 2.314127771115075116e-01 1.860335957936598117e+00 1.000634655905549980e-01 3.795364361493267901e-03
4.250000000000000000e+02 2.096222902751388451e-01 1.998630506686716046e+00 9.815915126878470287e-02 4.326880712228018538e-02
4.500000000000000000e+02 1.809445374170585707e-01 2.270189145358612048e+00 6.727078524930764358e-02 1.325397214930311603e-02
4.750000000000000000e+02 1.858244764280834183e-01 2.518307753342961863e+00 5.061327399287166712e-02 7.726155173452127836e-03
5.000000000000000000e+02 1.878083161592604688e-01 2.737152133058636583e+00 6.343394160257613545e-02 4.762142773991939054e-02
5.500000000000000000e+02 1.787521358353107992e-01 3.140784568453129033e+00 6.984344467650271948e-02 4.927883875068100189e-02
5.750000000000000000e+02 1.656943517078697525e-01 3.341910358596912545e+00 6.176559292602418205e-02 2.971019748459523616e-03
6.000000000000000000e+02 1.480085151570964264e-01 3.554337920407193430e+00 9.657224895417118593e-02 5.564784338859261187e-02
6.500000000000000000e+02 1.573049727582851998e-01 3.992651739049833282e+00 1.114425709459631736e-01 1.667303163414822487e-02
7.000000000000000000e+02 2.112334513416120052e-01 4.381341363992499183e+00 1.221908693578738769e-01 1.323924179275122112e-02
7.500000000000000000e+02 2.459193848415703043e-01 4.735180529917466075e+00 1.292783524046543508e-01 6.619766219873309682e-03
8.000000000000000000e+02 2.648381904095284956e-01 5.084273307364435723e+00 1.473742725285515087e-01 5.425912633775788196e-02
8.250000000000000000e+02 2.778269048806236152e-01 5.265048933749483240e+00 1.402831998381263712e-01 4.676993662940003623e-04
8.500000000000000000e+02 2.910167904303140318e-01 5.445560791244635546e+00 1.533894497768094611e-01 5.534227706204657843e-02
9.000000000000000000e+02 3.020031453562547763e-01 5.785384521841291594e+00 1.592648342200726763e-01 6.008927395951736000e-02
9.250000000000000000e+02 3.139544450922139851e-01 5.965799012495895504e+00 1.492122115195309573e-01 2.704639482657162069e-03
9.500000000000000000e+02 3.218104775633168768e-01 6.142106204817223691e+00 1.507007282894669287e-01 8.974235790475341545e-04
9.750000000000000000e+02 3.276122799408505148e-01 6.316174802555000412e+00 1.553763402127768811e-01 3.327238293323046825e-02
9.875000000000000000e+02 3.337137756821025314e-01 6.408134657362152709e+00 1.523356864082228979e-01 8.181910101736663068e-03
1.000000000000000000e+03 3.351587367822265184e-01 6.493193847183333922e+00 1.589986681924012990e-01 4.540699804063987044e-02
