3.000000000000000000e+02 1.433554947927136558e+00 7.058411717832731025e-01 7.401467102336354298e-01 4.638696543026474967e-02
3.062500000000000000e+02 1.364792944827970755e+00 5.462651260435539280e-01 8.627374378901940810e-01 2.676101337145321557e-02
3.093750000000000000e+02 1.326654776253738177e+00 4.682491731715696659e-01 9.040132599621771847e-01 2.906642693950459155e-02
3.125000000000000000e+02 1.282501248337824196e+00 4.048775434739371182e-01 9.055800279075296721e-01 6.590034596567645453e-02
3.156250000000000000e+02 1.206368974621766288e+00 3.638670687062440234e-01 8.830185980961993142e-01 1.585726841989655578e-01
3.187500000000000000e+02 1.048810067574563520e+00 3.575337472499852676e-01 9.597116868847161975e-01 2.765600889608210711e-01
3.218750000000000000e+02 7.766829834123757381e-01 4.055223528721552118e-01 1.160799983823854520e+00 8.434580094551304141e-02
3.250000000000000000e+02 5.995744665179294497e-01 4.691511635760990950e-01 1.154612661591935208e+00 4.229562056667640624e-02
3.312500000000000000e+02 4.821516070377148688e-01 6.165563138385536934e-01 8.971609173619814470e-01 2.672618189355455837e-02
3.375000000000000000e+02 4.524294937684822382e-01 7.886852041225037580e-01 6.076131036057615953e-01 3.957036861281237883e-02
3.500000000000000000e+02 4.404789280526391071e-01 1.034544106073564951e+00 3.539205115495640541e-01 4.030524531656595744e-02
3.750000000000000000e+02 3.560160308224537551e-01 1.311724538600700374e+00 2.367049626914864702e-01 6.020987846885174355e-02
3.875000000000000000e+02 2.922323337197396120e-01 1.479590830311285687e+00 2.239706877295057075e-01 4.479536758286321863e-02
3.937500000000000000e+02 2.691955706201862863e-01 1.568184892971463462e+00 2.105927152565069960e-01 2.157205839965772518e-02
3.968750000000000000e+02 2.602764764435176459e-01 1.611849867203076547e+00 2.036889511104094941e-01 2.483757845673912582e-04
4.000000000000000000e+02 2.522027880845460479e-01 1.655777240707113851e+00 2.019667670064582143e-01 4.026398832911645687e-02
4.125000000000000000e+02 2.337203612016770515e-01 1.798018084541365802e+00 1.783525242550179080e-01 1.765807495118810414e-03
4.250000000000000000e+02 2.108192348269402605e-01 1.935613268413017396e+00 1.722525408979087014e-01 4.377133287081611673e-02
4.500000000000000000e+02 1.813644320460947590e-01 2.204382404367371429e+00 1.541883770927293118e-01 1.313139384462549790e-02
4.750000000000000000e+02 1.855312167536481982e-01 2.449341394813844275e+00 1.437823084310074773e-01 7.623758323414627988e-03
5.000000000000000000e+02 1.870666850619941979e-01 2.664944550047178673e+00 1.467860082680669531e-01 4.667233101250361366e-02
5.500000000000000000e+02 1.772457543732712248e-01 3.065015570370976050e+00 1.448537415836095299e-01 6.033360403867679515e-03
6.000000000000000000e+02 1.469013077888830510e-01 3.465807250511490079e+00 1.645018540893560810e-01 1.393011265855768899e-02
6.500000000000000000e+02 1.545663832814189731e-01 3.896063079528081730e+00 1.911781052268785031e-01 5.432868476538889324e-02
6.750000000000000000e+02 1.824462286821843526e-01 4.097627508383799189e+00 1.850419542641799919e-01 5.257640155009080281e-03
7.000000000000000000e+02 2.084531397413467713e-01 4.279214867724305371e+00 1.862435291030488382e-01 2.627185037679559410e-02
7.125000000000000000e+02 2.204222412634012640e-01 4.368414046550728180e+00 1.840346912612975949e-01 8.872161304721730207e-04
7.250000000000000000e+02 2.303698695859839884e-01 4.456622313574446714e+00 1.855855458278981018e-01 2.419954550119390868e-02
7.500000000000000000e+02 2.450483856234386693e-01 4.630741596300822494e+00 1.903361895285292649e-01 4.719942812385774511e-02
8.000000000000000000e+02 2.611032851925552678e-01 4.969720473625379498e+00 1.931488181565718387e-01 5.176700392626853303e-02
8.250000000000000000e+02 2.719207577502106288e-01 5.144475948836401358e+00 1.888081522258746592e-01 2.887796559196136731e-02
8.375000000000000000e+02 2.784783055256838114e-01 5.233036543663265761e+00 1.867241775024120476e-01 1.037134350334371452e-04
8.500000000000000000e+02 2.849698501293088104e-01 5.321455733776060626e+00 1.888948479420994864e-01 2.790891241282763419e-02
8.750000000000000000e+02 2.926393307711723235e-01 5.490969763085424837e+00 1.868015636163133930e-01 9.283491814359793844e-04
9.000000000000000000e+02 3.011479410239509824e-01 5.662295637997615039e+00 1.866080255253269593e-01 3.911864479038626723e-04
9.250000000000000000e+02 3.090615198146459131e-01 5.833905946263502784e+00 1.862717229956264708e-01 2.889994976504969989e-04
9.500000000000000000e+02 3.163105777983014066e-01 6.006388036572161582e+00 1.858450074135810093e-01 1.576628634412405479e-03
9.750000000000000000e+02 3.216608100930779535e-01 6.176908317728939224e+00 1.881898171398710407e-01 3.413934180802766921e-02
9.875000000000000000e+02 3.283952121478462827e-01 6.267416607742299028e+00 1.845968389747791871e-01 5.088974436316126039e-03
1.000000000000000000e+03 3.302924394507331662e-01 6.351192014132093888e+00 1.879785260005428227e-01 3.887637084065929949e-02
