3.000000000000000000e+02 1.452254751658538678e+00 7.277903628239801304e-01 7.731334414001995725e-01 4.811428041366526409e-02
3.062500000000000000e+02 1.381006954804611553e+00 5.641401219248194376e-01 8.930908126466732266e-01 2.531440499264938498e-02
3.093750000000000000e+02 1.345123927946722198e+00 4.826440759843600992e-01 9.325802980200135206e-01 6.103928523771171184e-03
3.125000000000000000e+02 1.315270100554368771e+00 4.136046397922794604e-01 9.306539883390486656e-01 1.302919643356346968e-02
3.140625000000000000e+02 1.298802287495520069e+00 3.844072511240755885e-01 9.138445412970943593e-01 4.677416358192547016e-03
3.156250000000000000e+02 1.282699354263235447e+00 3.601013594664034256e-01 8.932455457049897074e-01 9.101640085297449043e-03
3.164062500000000000e+02 1.269204178998223576e+00 3.506047250372222313e-01 8.869218498453191879e-01 3.011004323543069790e-03
3.171875000000000000e+02 1.250317732181781327e+00 3.435233420261473158e-01 8.878450378725262215e-01 7.971720570860004948e-03
3.179687500000000000e+02 1.219556766309201512e+00 3.397408906330948719e-01 9.009300235382122768e-01 3.242067525044300264e-02
3.187500000000000000e+02 1.166741561817686845e+00 3.434357833448417052e-01 9.353852088413349142e-01 7.391089677683486403e-02
3.195312500000000000e+02 1.081769603204761010e+00 3.561889020994927213e-01 9.965949949843863065e-01 1.234359859815393062e-01
3.203125000000000000e+02 9.626429136480529891e-01 3.801196018875858118e-01 1.073319123253064111e+00 7.426879979453726577e-02
3.210937500000000000e+02 8.370347542126990170e-01 4.099549718051042624e-01 1.123967636690939909e+00 3.603711213083538728e-02
3.218750000000000000e+02 7.395042652900609692e-01 4.379359136863354984e-01 1.145518835772610489e+00 4.972458542785476721e-02
3.250000000000000000e+02 5.894938006189560653e-01 4.959794350873435453e-01 1.123502777980824874e+00 2.636707090236819692e-02
3.281250000000000000e+02 5.041394635523721579e-01 5.730612639743948300e-01 1.007774089952840013e+00 1.476847847809617358e-02
3.312500000000000000e+02 4.620206788141651977e-01 6.662041507826508280e-01 8.459053751294332013e-01 4.835062890261012519e-02
3.375000000000000000e+02 4.338525619307623815e-01 8.432526691335827662e-01 5.621784561550200454e-01 3.753281449712476958e-02
3.500000000000000000e+02 4.311960453368404722e-01 1.087502155650450719e+00 3.496876901034315366e-01 4.416364834809254764e-02
3.625000000000000000e+02 4.006169217632010171e-01 1.245951689656099148e+00 2.552713229018943042e-01 1.244256512193706379e-02
3.750000000000000000e+02 3.379217436574594724e-01 1.398920593033731175e+00 2.068594038894132625e-01 9.460796242662639077e-02
4.000000000000000000e+02 2.478887617745359762e-01 1.728933652117850439e+00 1.439494974716484244e-01 8.326109278717185036e-02
4.500000000000000000e+02 1.820297289823200326e-01 2.276908381063542208e+00 7.541947832899650872e-02 3.578097151351664063e-02
5.000000000000000000e+02 1.883273547997532382e-01 2.742294456863024088e+00 3.833965984682043138e-02 1.415971109839404482e-02
5.500000000000000000e+02 1.785147301563612676e-01 3.153414883182610762e+00 3.890141626154135918e-02 6.247406529906978159e-03
6.000000000000000000e+02 1.480029198559499048e-01 3.562323769789714767e+00 7.057474032812210973e-02 1.529738766479171903e-02
6.500000000000000000e+02 1.574467219689739683e-01 4.004254278936990374e+00 1.030584007651982603e-01 1.695823336275168944e-02
7.000000000000000000e+02 2.115316082221030680e-01 4.393891320151333879e+00 1.149345387799187712e-01 1.341390693907751688e-02
7.500000000000000000e+02 2.464509218502471399e-01 4.748678647577576406e+00 1.227914245049245567e-01 5.338230430837945413e-03
8.000000000000000000e+02 2.680845573075708033e-01 5.102656287046232642e+00 1.312857439786223324e-01 8.117470521534195281e-04
8.500000000000000000e+02 2.881448462551053358e-01 5.455877272715245141e+00 1.379867682837130349e-01 1.579891081429280570e-03
9.000000000000000000e+02 3.062007093823979620e-01 5.806563038587244208e+00 1.429637581441982885e-01 4.945979825379245506e-03
9.500000000000000000e+02 3.171218289617898090e-01 6.152082325946666153e+00 1.614568118489413395e-01 6.756530998671170241e-02
9.750000000000000000e+02 3.296355588325561858e-01 6.336033647952380221e+00 1.481951465274195801e-01 9.971921694357606045e-03
1.000000000000000000e+03 3.328417418659383453e-01 6.506836143362965785e+00 1.693435820835378358e-01 8.090089768068525755e-02
