3.000000000000000000e+02 1.465083700377161069e+00 7.647441590009784740e-01 8.144474607701830404e-01 5.384806150348366710e-02
3.062500000000000000e+02 1.385648057043060710e+00 5.963750915899395100e-01 9.305628724976447996e-01 2.721433797871163421e-02
3.093750000000000000e+02 1.339726449347368620e+00 5.135790600324670052e-01 9.686489209527802124e-01 3.004678134542390980e-02
3.125000000000000000e+02 1.285499734413481532e+00 4.471374779800636468e-01 9.673103765429678091e-01 7.809339475610675707e-02
3.156250000000000000e+02 1.195819719596387332e+00 4.059408319744892690e-01 9.413648708348092420e-01 1.816667270809929902e-01
3.187500000000000000e+02 1.023884485815703904e+00 4.048826721764855474e-01 9.981908729161154126e-01 2.735524975564632699e-01
3.218750000000000000e+02 7.531567853168111837e-01 4.653671499324755767e-01 1.130801903289589294e+00 7.699022743583014416e-02
3.250000000000000000e+02 5.689055344418727511e-01 5.582900361994723726e-01 1.099944770117194270e+00 1.398999188816455186e-01
3.375000000000000000e+02 4.184612535126041588e-01 9.047612842464878291e-01 5.894063567521344860e-01 9.236616668494845861e-02
3.500000000000000000e+02 4.107182235908442558e-01 1.183300542920801668e+00 4.526883533732569131e-01 3.279136073669235846e-02
3.750000000000000000e+02 3.379172162874852225e-01 1.471386798143903718e+00 3.405904978097332725e-01 6.314083336002916658e-02
3.875000000000000000e+02 2.783144293684953197e-01 1.646107643836339340e+00 2.978905990899536338e-01 7.672679283284967490e-03
4.000000000000000000e+02 2.414175899531371128e-01 1.829543907122294089e+00 3.147592676723964811e-01 1.501914486081133704e-01
4.500000000000000000e+02 1.819607919529570017e-01 2.379031911614364336e+00 2.081612326747917519e-01 3.192213133013019344e-02
5.000000000000000000e+02 1.883714131493553490e-01 2.861331131090540048e+00 1.756300687333123833e-01 9.629938628097801934e-02
6.000000000000000000e+02 1.511626789615345134e-01 3.696182750568461461e+00 6.469001653245240457e-02 3.333457599880317729e-02
7.000000000000000000e+02 2.152482816288940615e-01 4.550456229638797367e+00 5.636650088006944087e-02 3.572850330904378535e-02
8.000000000000000000e+02 2.728767097228207428e-01 5.281358484025522770e+00 7.170781399219648689e-02 1.551223781562480718e-02
9.000000000000000000e+02 3.039620367580561089e-01 5.994677220050440347e+00 1.687383046228460581e-01 1.410808400351590830e-01
9.500000000000000000e+02 3.240709328668314182e-01 6.362781486621615024e+00 1.285520553820641287e-01 8.053289621342454851e-02
9.750000000000000000e+02 3.381979904086347410e-01 6.553652327214974704e+00 1.042365639407799721e-01 1.228572130177241033e-02
1.000000000000000000e+03 3.412589171895755169e-01 6.729299293394913839e+00 1.377971686942693619e-01 8.729667457033929434e-02
