3.000000000000000000e+02 1.409836435255496401e+00 6.517845308708408725e-01 6.566323970913037211e-01 4.104488430947011296e-02
3.062500000000000000e+02 1.349347714672094023e+00 5.013815466735024318e-01 7.841617034517176510e-01 2.494607087066028420e-02
3.093750000000000000e+02 1.315719378881784696e+00 4.286666538847592189e-01 8.288293653641165548e-01 2.954207754592964169e-02
3.125000000000000000e+02 1.277407176787715759e+00 3.692073083913309794e-01 8.345424231459060982e-01 6.213591574587685323e-02
3.156250000000000000e+02 1.211747900441575876e+00 3.292404028936686267e-01 8.181520804969373284e-01 1.441102980786428400e-01
3.187500000000000000e+02 1.070856237029014446e+00 3.184495003811749214e-01 9.144503311351174224e-01 2.659243487724839983e-01
3.218750000000000000e+02 8.040345222899458744e-01 3.548459426149475626e-01 1.195252985324319894e+00 9.100311416274775578e-02
3.250000000000000000e+02 6.228399895756927540e-01 4.102666149809758300e-01 1.240273402496173683e+00 8.807207253375957945e-02
3.375000000000000000e+02 4.953258697385335974e-01 6.694462230461792895e-01 8.043626582848119044e-01 4.066042616510547741e-02
3.500000000000000000e+02 4.776621400944299212e-01 8.991550444699344391e-01 5.596064716415504181e-01 3.443057722038093266e-02
3.750000000000000000e+02 3.877342049646366751e-01 1.158291377415543444e+00 6.192848482224116990e-01 5.076232147726528199e-02
3.875000000000000000e+02 3.157851395209876344e-01 1.323603763272352296e+00 6.758493829811359488e-01 4.373005498684052333e-02
3.937500000000000000e+02 2.869567280823346889e-01 1.414572741394922284e+00 6.665848879675515537e-01 2.797553866629919669e-03
4.000000000000000000e+02 2.653947729353932639e-01 1.503803683990200923e+00 6.504719955834109557e-01 7.562430729106317528e-02
4.250000000000000000e+02 2.187068114458869117e-01 1.774392799278209365e+00 5.710048183891311968e-01 3.130090929050801003e-03
4.500000000000000000e+02 1.835000198293251505e-01 2.044656618289327099e+00 5.241200504927665538e-01 4.745863997963457870e-02
5.000000000000000000e+02 1.855026603583042888e-01 2.488857680067916078e+00 4.527611092976763230e-01 8.061705938664967541e-02
6.000000000000000000e+02 1.462959685091430040e-01 3.254927702626709607e+00 4.021244489736747751e-01 2.791223483208660899e-02
7.000000000000000000e+02 2.026868290641551107e-01 4.030880182427655001e+00 3.640278444779756484e-01 3.198266661410777145e-02
8.000000000000000000e+02 2.492791703738155840e-01 4.685428690517260186e+00 3.406247574038321901e-01 9.948663195602229503e-02
8.500000000000000000e+02 2.720339315624982213e-01 5.020725771442970498e+00 3.114097246365845617e-01 7.281872708749408986e-03
9.000000000000000000e+02 2.856095013211895628e-01 5.342692400751021253e+00 3.031938000078295836e-01 5.595841469204045765e-02
9.250000000000000000e+02 2.963779342194527988e-01 5.510409956855424340e+00 2.917098951163454856e-01 2.721005281461024924e-03
9.500000000000000000e+02 3.035596881058644225e-01 5.674705460631796150e+00 2.856692739309985019e-01 2.009643877726700217e-04
9.750000000000000000e+02 3.105630631953764098e-01 5.839631488423195016e+00 2.796121915471865282e-01 4.037575488813178147e-03
1.000000000000000000e+03 3.135893272173309043e-01 5.998802998340485360e+00 2.823987133731871157e-01 7.056764071367277458e-02
