3.000000000000000000e+02 1.476377260497031774e+00 8.207693940879823291e-01 8.651542488875676451e-01 7.645049537349192514e-02
3.062500000000000000e+02 1.365838320539753736e+00 6.519796822262821090e-01 9.795134469979914771e-01 1.000561509989134346e-01
3.125000000000000000e+02 1.206308224310170152e+00 5.127300313694312939e-01 1.041093746647271390e+00 2.731547004290842962e-01
3.187500000000000000e+02 9.312885161164626835e-01 4.765756441562578605e-01 1.065523411518142227e+00 3.333012407771371866e-01
3.250000000000000000e+02 5.567202788744632924e-01 6.211025971640740106e-01 1.082380356531700061e+00 1.550861633905565029e-01
3.375000000000000000e+02 3.955452840072916088e-01 1.009254498470516292e+00 7.713344610606605034e-01 1.301803010272396810e-01
3.500000000000000000e+02 3.965860724671237958e-01 1.301011049994368340e+00 6.795178027368836693e-01 3.186990401807265894e-02
3.750000000000000000e+02 3.315796879266966757e-01 1.594306149136535122e+00 6.000215378916461395e-01 6.516507682231344190e-02
3.875000000000000000e+02 2.746382317954126906e-01 1.771477632448536621e+00 5.639757838543864032e-01 7.582305188398783674e-03
4.000000000000000000e+02 2.394917224368896813e-01 1.957886626258835694e+00 5.547878631288851725e-01 1.576661412457751044e-01
4.500000000000000000e+02 1.831066476746743554e-01 2.519002490123386284e+00 4.233251604230038878e-01 3.181494879661301428e-02
5.000000000000000000e+02 1.910464637098511498e-01 3.016975782972824760e+00 3.487719345908750213e-01 1.048223486540783150e-01
6.000000000000000000e+02 1.540793181212284091e-01 3.881984043581372390e+00 2.065033751761845560e-01 3.618521017739907697e-02
7.000000000000000000e+02 2.210808671567271733e-01 4.769973285935393825e+00 1.171829747768947938e-01 3.871403650512493522e-02
8.000000000000000000e+02 2.815785576607147123e-01 5.530950839566760813e+00 7.238066100659627800e-02 1.724518181967887517e-02
9.000000000000000000e+02 3.141388178330448699e-01 6.273312225109259010e+00 1.617757545090278137e-01 1.498375420380566314e-01
9.500000000000000000e+02 3.401957774725927752e-01 6.664430177680356060e+00 6.668916154407406038e-02 2.365878937248568070e-02
1.000000000000000000e+03 3.439161907419629460e-01 7.027618838197562390e+00 2.003858520591871861e-01 1.875776926961317814e-01
