3.000000000000000000e+02 1.464915779497124593e+00 7.464347695780487735e-01 7.974290566511913481e-01 5.158022318801099709e-02
3.062500000000000000e+02 1.386650803918537012e+00 5.813268557920054924e-01 9.151609827425274402e-01 2.588073502950721805e-02
3.093750000000000000e+02 1.338878216621432582e+00 5.012884278771883029e-01 9.538540315521589763e-01 2.333135625578574082e-02
3.125000000000000000e+02 1.283765020284178160e+00 4.366942782190453842e-01 9.535056017726895039e-01 7.730975705718010071e-02
3.156250000000000000e+02 1.196716050187079716e+00 3.956435925821474298e-01 9.287778896451523991e-01 1.797946415244443263e-01
3.187500000000000000e+02 1.029620105953145348e+00 3.927685721926494899e-01 9.897893434154420023e-01 2.761250459499148824e-01
3.218750000000000000e+02 7.595865470526109720e-01 4.494213606702620600e-01 1.137546405390570392e+00 8.348740079425522043e-02
3.250000000000000000e+02 5.791916411291812006e-01 5.262278938105104942e-01 1.104225212176798365e+00 4.887314176014194433e-02
3.312500000000000000e+02 4.514815902265255643e-01 6.952171486905758258e-01 8.198371367987674629e-01 3.220710765006646464e-02
3.375000000000000000e+02 4.193272770139826466e-01 8.883610752032703450e-01 5.613089391658686589e-01 3.831010403058195818e-02
3.500000000000000000e+02 4.161966338201046334e-01 1.147610004285325669e+00 3.973268098637587342e-01 4.105162465923118537e-02
3.750000000000000000e+02 3.412163786470780447e-01 1.432387857600041059e+00 2.643586820428029394e-01 6.353631991059484341e-02
3.875000000000000000e+02 2.823879129350110317e-01 1.601908232587638814e+00 2.197411186686031581e-01 4.414187466806402532e-02
3.937500000000000000e+02 2.607603251804079814e-01 1.692785074715831062e+00 2.035384359794820686e-01 2.353981430205159472e-03
4.000000000000000000e+02 2.449981842795846410e-01 1.782410101713257866e+00 2.097801812988240033e-01 7.707407718281331088e-02
4.250000000000000000e+02 2.100350833862535960e-01 2.058636962597750752e+00 1.676311129495134944e-01 1.748420625433251508e-03
4.500000000000000000e+02 1.809111470079094175e-01 2.336665062600339127e+00 1.363600163667172405e-01 1.436704484154870468e-02
4.750000000000000000e+02 1.863872937018235532e-01 2.588199527657392807e+00 1.082981446252804236e-01 7.859096177568617239e-03
5.000000000000000000e+02 1.887597091947036954e-01 2.810472702616588325e+00 9.889987032138038148e-02 4.932183315573291510e-02
5.500000000000000000e+02 1.800450904992750845e-01 3.220613800613318922e+00 6.690193403386743287e-02 5.085025102173394707e-02
5.750000000000000000e+02 1.669222592158986218e-01 3.425422249955333065e+00 2.478922974515823316e-02 3.569677794247850915e-03
6.000000000000000000e+02 1.491208525124747830e-01 3.641826804299241438e+00 5.969843233064539567e-02 5.808718134581900006e-02
6.500000000000000000e+02 1.596416094632808758e-01 4.088473534468272774e+00 5.351137825264187103e-02 2.580451025516576277e-02
7.000000000000000000e+02 2.138419929643025630e-01 4.484404503232306105e+00 6.775010765381668520e-02 1.362160599082674547e-02
7.500000000000000000e+02 2.493225022652159617e-01 4.845160818467977748e+00 8.057654963545875237e-02 7.390028392064180475e-03
8.000000000000000000e+02 2.686934177592603112e-01 5.201013391537394170e+00 1.090579746878366368e-01 5.657637964351138610e-02
8.250000000000000000e+02 2.821028607215314565e-01 5.385567781032948531e+00 9.876612105876128589e-02 9.814583950505282543e-05
8.500000000000000000e+02 2.957115140961684152e-01 5.569873905045040097e+00 1.182897135734256311e-01 5.697724979851402638e-02
9.000000000000000000e+02 3.067979017761391369e-01 5.916165162927492283e+00 1.283968589990796272e-01 6.276925017142519214e-02
9.250000000000000000e+02 3.191719989503933319e-01 6.100449895153475133e+00 1.154991439484964050e-01 3.495638444920051886e-03
9.500000000000000000e+02 3.274137657712781757e-01 6.280514706769418254e+00 1.186256623991375353e-01 2.025556560220255356e-04
9.750000000000000000e+02 3.352022801947891484e-01 6.461108386795379133e+00 1.214280549731675263e-01 5.737650730438819194e-03
1.000000000000000000e+03 3.377819124112566573e-01 6.634253556226500592e+00 1.490848557809670016e-01 8.341768412425344670e-02
